Inference results by NN model
1st is strain parameter along x, 2nd is y, 3rd is z and last term is v2
strin_x    strain_y    strain_z    v2
-0.1   -0.1   -0.1  0.9337
-0.1   -0.1   -0.099  0.9337
-0.1   -0.1   -0.098  0.9337
-0.1   -0.1   -0.097  0.9337
-0.1   -0.1   -0.096  0.9337
-0.1   -0.1   -0.095  0.9337
-0.1   -0.1   -0.094  0.9337
-0.1   -0.1   -0.093  0.9337
-0.1   -0.1   -0.092  0.9337
-0.1   -0.1   -0.091  0.9337
-0.1   -0.1   -0.09  0.9337
-0.1   -0.1   -0.089  0.9337
-0.1   -0.1   -0.088  0.9337
-0.1   -0.1   -0.087  0.9337
-0.1   -0.1   -0.086  0.9337
-0.1   -0.1   -0.085  0.9337
-0.1   -0.1   -0.084  0.9337
-0.1   -0.1   -0.083  0.9337
-0.1   -0.1   -0.082  0.9337
-0.1   -0.1   -0.081  0.9337
-0.1   -0.1   -0.08  0.9337
-0.1   -0.1   -0.079  0.9337
-0.1   -0.1   -0.078  0.9337
-0.1   -0.1   -0.077  0.9337
-0.1   -0.1   -0.076  0.9337
-0.1   -0.1   -0.075  0.9337
-0.1   -0.1   -0.074  0.9337
-0.1   -0.1   -0.073  0.9337
-0.1   -0.1   -0.072  0.9337
-0.1   -0.1   -0.071  0.9337
-0.1   -0.1   -0.07  0.9337
-0.1   -0.1   -0.069  0.9337
-0.1   -0.1   -0.068  0.9337
-0.1   -0.1   -0.067  0.9337
-0.1   -0.1   -0.066  0.9337
-0.1   -0.1   -0.065  0.9337
-0.1   -0.1   -0.064  0.9337
-0.1   -0.1   -0.063  0.9337
-0.1   -0.1   -0.062  0.9337
-0.1   -0.1   -0.061  0.9337
-0.1   -0.1   -0.06  0.9337
-0.1   -0.1   -0.059  0.9337
-0.1   -0.1   -0.058  0.9337
-0.1   -0.1   -0.057  0.9337
-0.1   -0.1   -0.056  0.9337
-0.1   -0.1   -0.055  0.9337
-0.1   -0.1   -0.054  0.9337
-0.1   -0.1   -0.053  0.9337
-0.1   -0.1   -0.052  0.9337
-0.1   -0.1   -0.051  0.9337
-0.1   -0.1   -0.05  0.9337
-0.1   -0.1   -0.049  0.9337
-0.1   -0.1   -0.048  0.9337
-0.1   -0.1   -0.047  0.9337
-0.1   -0.1   -0.046  0.9337
-0.1   -0.1   -0.045  0.9337
-0.1   -0.1   -0.044  0.9337
-0.1   -0.1   -0.043  0.9337
-0.1   -0.1   -0.042  0.9337
-0.1   -0.1   -0.041  0.9337
-0.1   -0.1   -0.04  0.9337
-0.1   -0.1   -0.039  0.9337
-0.1   -0.1   -0.038  0.9337
-0.1   -0.1   -0.037  0.9337
-0.1   -0.1   -0.036  0.9337
-0.1   -0.1   -0.035  0.9337
-0.1   -0.1   -0.034  0.9337
-0.1   -0.1   -0.033  0.9337
-0.1   -0.1   -0.032  0.9337
-0.1   -0.1   -0.031  0.9337
-0.1   -0.1   -0.03  0.9337
-0.1   -0.1   -0.029  0.9337
-0.1   -0.1   -0.028  0.9337
-0.1   -0.1   -0.027  0.9337
-0.1   -0.1   -0.026  0.9337
-0.1   -0.1   -0.025  0.9337
-0.1   -0.1   -0.024  0.9337
-0.1   -0.1   -0.023  0.9337
-0.1   -0.1   -0.022  0.9337
-0.1   -0.1   -0.021  0.9337
-0.1   -0.1   -0.02  0.9337
-0.1   -0.1   -0.019  0.9337
-0.1   -0.1   -0.018  0.9337
-0.1   -0.1   -0.017  0.9337
-0.1   -0.1   -0.016  0.9337
-0.1   -0.1   -0.015  0.9337
-0.1   -0.1   -0.014  0.9337
-0.1   -0.1   -0.013  0.9337
-0.1   -0.1   -0.012  0.9337
-0.1   -0.1   -0.011  0.9337
-0.1   -0.1   -0.01  0.9337
-0.1   -0.1   -0.009  0.9337
-0.1   -0.1   -0.008  0.9337
-0.1   -0.1   -0.007  0.9337
-0.1   -0.1   -0.006  0.9337
-0.1   -0.1   -0.005  0.9337
-0.1   -0.1   -0.004  0.9337
-0.1   -0.1   -0.003  0.9337
-0.1   -0.1   -0.002  0.9337
-0.1   -0.1   -0.001  0.9337
-0.1   -0.1   -0.0  0.9337
-0.1   -0.1   0.001  0.9337
-0.1   -0.1   0.002  0.9337
-0.1   -0.1   0.003  0.9337
-0.1   -0.1   0.004  0.9337
-0.1   -0.1   0.005  0.9337
-0.1   -0.1   0.006  0.9337
-0.1   -0.1   0.007  0.9337
-0.1   -0.1   0.008  0.9337
-0.1   -0.1   0.009  0.9337
-0.1   -0.1   0.01  0.9337
-0.1   -0.1   0.011  0.9337
-0.1   -0.1   0.012  0.9337
-0.1   -0.1   0.013  0.9337
-0.1   -0.1   0.014  0.9337
-0.1   -0.1   0.015  0.9337
-0.1   -0.1   0.016  0.9337
-0.1   -0.1   0.017  0.9337
-0.1   -0.1   0.018  0.9337
-0.1   -0.1   0.019  0.9337
-0.1   -0.1   0.02  0.9337
-0.1   -0.1   0.021  0.9337
-0.1   -0.1   0.022  0.9337
-0.1   -0.1   0.023  0.9337
-0.1   -0.1   0.024  0.9337
-0.1   -0.1   0.025  0.9337
-0.1   -0.1   0.026  0.9337
-0.1   -0.1   0.027  0.9337
-0.1   -0.1   0.028  0.9337
-0.1   -0.1   0.029  0.9337
-0.1   -0.1   0.03  0.9337
-0.1   -0.1   0.031  0.9337
-0.1   -0.1   0.032  0.9337
-0.1   -0.1   0.033  0.9337
-0.1   -0.1   0.034  0.9337
-0.1   -0.1   0.035  0.9337
-0.1   -0.1   0.036  0.9337
-0.1   -0.1   0.037  0.9337
-0.1   -0.1   0.038  0.9337
-0.1   -0.1   0.039  0.9337
-0.1   -0.1   0.04  0.9337
-0.1   -0.1   0.041  0.9337
-0.1   -0.1   0.042  0.9337
-0.1   -0.1   0.043  0.9337
-0.1   -0.1   0.044  0.9337
-0.1   -0.1   0.045  0.9337
-0.1   -0.1   0.046  0.9337
-0.1   -0.1   0.047  0.9337
-0.1   -0.1   0.048  0.9337
-0.1   -0.1   0.049  0.9337
-0.1   -0.1   0.05  0.9337
-0.1   -0.1   0.051  0.9337
-0.1   -0.1   0.052  0.9337
-0.1   -0.1   0.053  0.9337
-0.1   -0.1   0.054  0.9337
-0.1   -0.1   0.055  0.9337
-0.1   -0.1   0.056  0.9337
-0.1   -0.1   0.057  0.9337
-0.1   -0.1   0.058  0.9337
-0.1   -0.1   0.059  0.9337
-0.1   -0.1   0.06  0.9337
-0.1   -0.1   0.061  0.9337
-0.1   -0.1   0.062  0.9337
-0.1   -0.1   0.063  0.9337
-0.1   -0.1   0.064  0.9337
-0.1   -0.1   0.065  0.9337
-0.1   -0.1   0.066  0.9337
-0.1   -0.1   0.067  0.9337
-0.1   -0.1   0.068  0.9337
-0.1   -0.1   0.069  0.9337
-0.1   -0.1   0.07  0.9337
-0.1   -0.1   0.071  0.9337
-0.1   -0.1   0.072  0.9337
-0.1   -0.1   0.073  0.9337
-0.1   -0.1   0.074  0.9337
-0.1   -0.1   0.075  0.9337
-0.1   -0.1   0.076  0.9337
-0.1   -0.1   0.077  0.9337
-0.1   -0.1   0.078  0.9337
-0.1   -0.1   0.079  0.9337
-0.1   -0.1   0.08  0.9337
-0.1   -0.1   0.081  0.9337
-0.1   -0.1   0.082  0.9337
-0.1   -0.1   0.083  0.9337
-0.1   -0.1   0.084  0.9337
-0.1   -0.1   0.085  0.9337
-0.1   -0.1   0.086  0.9337
-0.1   -0.1   0.087  0.9337
-0.1   -0.1   0.088  0.9337
-0.1   -0.1   0.089  0.9337
-0.1   -0.1   0.09  0.9337
-0.1   -0.1   0.091  0.9337
-0.1   -0.1   0.092  0.9337
-0.1   -0.1   0.093  0.9337
-0.1   -0.1   0.094  0.9337
-0.1   -0.1   0.095  0.9337
-0.1   -0.1   0.096  0.9337
-0.1   -0.1   0.097  0.9337
-0.1   -0.1   0.098  0.9337
-0.1   -0.1   0.099  0.9337
-0.099   -0.1   -0.1  0.9286491
-0.099   -0.1   -0.099  0.9286491
-0.099   -0.1   -0.098  0.9286491
-0.099   -0.1   -0.097  0.9286491
-0.099   -0.1   -0.096  0.9286491
-0.099   -0.1   -0.095  0.9286491
-0.099   -0.1   -0.094  0.9286491
-0.099   -0.1   -0.093  0.9286491
-0.099   -0.1   -0.092  0.9286491
-0.099   -0.1   -0.091  0.9286491
-0.099   -0.1   -0.09  0.9286491
-0.099   -0.1   -0.089  0.9286491
-0.099   -0.1   -0.088  0.9286491
-0.099   -0.1   -0.087  0.9286491
-0.099   -0.1   -0.086  0.9286491
-0.099   -0.1   -0.085  0.9286491
-0.099   -0.1   -0.084  0.9286491
-0.099   -0.1   -0.083  0.9286491
-0.099   -0.1   -0.082  0.9286491
-0.099   -0.1   -0.081  0.9286491
-0.099   -0.1   -0.08  0.9286491
-0.099   -0.1   -0.079  0.9286491
-0.099   -0.1   -0.078  0.9286491
-0.099   -0.1   -0.077  0.9286491
-0.099   -0.1   -0.076  0.9286491
-0.099   -0.1   -0.075  0.9286491
-0.099   -0.1   -0.074  0.9286491
-0.099   -0.1   -0.073  0.9286491
-0.099   -0.1   -0.072  0.9286491
-0.099   -0.1   -0.071  0.9286491
-0.099   -0.1   -0.07  0.9286491
-0.099   -0.1   -0.069  0.9286491
-0.099   -0.1   -0.068  0.9286491
-0.099   -0.1   -0.067  0.9286491
-0.099   -0.1   -0.066  0.9286491
-0.099   -0.1   -0.065  0.9286491
-0.099   -0.1   -0.064  0.9286491
-0.099   -0.1   -0.063  0.9286491
-0.099   -0.1   -0.062  0.9286491
-0.099   -0.1   -0.061  0.9286491
-0.099   -0.1   -0.06  0.9286491
-0.099   -0.1   -0.059  0.9286491
-0.099   -0.1   -0.058  0.9286491
-0.099   -0.1   -0.057  0.9286491
-0.099   -0.1   -0.056  0.9286491
-0.099   -0.1   -0.055  0.9286491
-0.099   -0.1   -0.054  0.9286491
-0.099   -0.1   -0.053  0.9286491
-0.099   -0.1   -0.052  0.9286491
-0.099   -0.1   -0.051  0.9286491
-0.099   -0.1   -0.05  0.9286491
-0.099   -0.1   -0.049  0.9286491
-0.099   -0.1   -0.048  0.9286491
-0.099   -0.1   -0.047  0.9286491
-0.099   -0.1   -0.046  0.9286491
-0.099   -0.1   -0.045  0.9286491
-0.099   -0.1   -0.044  0.9286491
-0.099   -0.1   -0.043  0.9286491
-0.099   -0.1   -0.042  0.9286491
-0.099   -0.1   -0.041  0.9286491
-0.099   -0.1   -0.04  0.9286491
-0.099   -0.1   -0.039  0.9286491
-0.099   -0.1   -0.038  0.9286491
-0.099   -0.1   -0.037  0.9286491
-0.099   -0.1   -0.036  0.9286491
-0.099   -0.1   -0.035  0.9286491
-0.099   -0.1   -0.034  0.9286491
-0.099   -0.1   -0.033  0.9286491
-0.099   -0.1   -0.032  0.9286491
-0.099   -0.1   -0.031  0.9286491
-0.099   -0.1   -0.03  0.9286491
-0.099   -0.1   -0.029  0.9286491
-0.099   -0.1   -0.028  0.9286491
-0.099   -0.1   -0.027  0.9286491
-0.099   -0.1   -0.026  0.9286491
-0.099   -0.1   -0.025  0.9286491
-0.099   -0.1   -0.024  0.9286491
-0.099   -0.1   -0.023  0.9286491
-0.099   -0.1   -0.022  0.9286491
-0.099   -0.1   -0.021  0.9286491
-0.099   -0.1   -0.02  0.9286491
-0.099   -0.1   -0.019  0.9286491
-0.099   -0.1   -0.018  0.9286491
-0.099   -0.1   -0.017  0.9286491
-0.099   -0.1   -0.016  0.9286491
-0.099   -0.1   -0.015  0.9286491
-0.099   -0.1   -0.014  0.9286491
-0.099   -0.1   -0.013  0.9286491
-0.099   -0.1   -0.012  0.9286491
-0.099   -0.1   -0.011  0.9286491
-0.099   -0.1   -0.01  0.9286491
-0.099   -0.1   -0.009  0.9286491
-0.099   -0.1   -0.008  0.9286491
-0.099   -0.1   -0.007  0.9286491
-0.099   -0.1   -0.006  0.9286491
-0.099   -0.1   -0.005  0.9286491
-0.099   -0.1   -0.004  0.9286491
-0.099   -0.1   -0.003  0.9286491
-0.099   -0.1   -0.002  0.9286491
-0.099   -0.1   -0.001  0.9286491
-0.099   -0.1   -0.0  0.9286491
-0.099   -0.1   0.001  0.9286491
-0.099   -0.1   0.002  0.9286491
-0.099   -0.1   0.003  0.9286491
-0.099   -0.1   0.004  0.9286491
-0.099   -0.1   0.005  0.9286491
-0.099   -0.1   0.006  0.9286491
-0.099   -0.1   0.007  0.9286491
-0.099   -0.1   0.008  0.9286491
-0.099   -0.1   0.009  0.9286491
-0.099   -0.1   0.01  0.9286491
-0.099   -0.1   0.011  0.9286491
-0.099   -0.1   0.012  0.9286491
-0.099   -0.1   0.013  0.9286491
-0.099   -0.1   0.014  0.9286491
-0.099   -0.1   0.015  0.9286491
-0.099   -0.1   0.016  0.9286491
-0.099   -0.1   0.017  0.9286491
-0.099   -0.1   0.018  0.9286491
-0.099   -0.1   0.019  0.9286491
-0.099   -0.1   0.02  0.9286491
-0.099   -0.1   0.021  0.9286491
-0.099   -0.1   0.022  0.9286491
-0.099   -0.1   0.023  0.9286491
-0.099   -0.1   0.024  0.9286491
-0.099   -0.1   0.025  0.9286491
-0.099   -0.1   0.026  0.9286491
-0.099   -0.1   0.027  0.9286491
-0.099   -0.1   0.028  0.9286491
-0.099   -0.1   0.029  0.9286491
-0.099   -0.1   0.03  0.9286491
-0.099   -0.1   0.031  0.9286491
-0.099   -0.1   0.032  0.9286491
-0.099   -0.1   0.033  0.9286491
-0.099   -0.1   0.034  0.9286491
-0.099   -0.1   0.035  0.9286491
-0.099   -0.1   0.036  0.9286491
-0.099   -0.1   0.037  0.9286491
-0.099   -0.1   0.038  0.9286491
-0.099   -0.1   0.039  0.9286491
-0.099   -0.1   0.04  0.9286491
-0.099   -0.1   0.041  0.9286491
-0.099   -0.1   0.042  0.9286491
-0.099   -0.1   0.043  0.9286491
-0.099   -0.1   0.044  0.9286491
-0.099   -0.1   0.045  0.9286491
-0.099   -0.1   0.046  0.9286491
-0.099   -0.1   0.047  0.9286491
-0.099   -0.1   0.048  0.9286491
-0.099   -0.1   0.049  0.9286491
-0.099   -0.1   0.05  0.9286491
-0.099   -0.1   0.051  0.9286491
-0.099   -0.1   0.052  0.9286491
-0.099   -0.1   0.053  0.9286491
-0.099   -0.1   0.054  0.9286491
-0.099   -0.1   0.055  0.9286491
-0.099   -0.1   0.056  0.9286491
-0.099   -0.1   0.057  0.9286491
-0.099   -0.1   0.058  0.9286491
-0.099   -0.1   0.059  0.9286491
-0.099   -0.1   0.06  0.9286491
-0.099   -0.1   0.061  0.9286491
-0.099   -0.1   0.062  0.9286491
-0.099   -0.1   0.063  0.9286491
-0.099   -0.1   0.064  0.9286491
-0.099   -0.1   0.065  0.9286491
-0.099   -0.1   0.066  0.9286491
-0.099   -0.1   0.067  0.9286491
-0.099   -0.1   0.068  0.9286491
-0.099   -0.1   0.069  0.9286491
-0.099   -0.1   0.07  0.9286491
-0.099   -0.1   0.071  0.9286491
-0.099   -0.1   0.072  0.9286491
-0.099   -0.1   0.073  0.9286491
-0.099   -0.1   0.074  0.9286491
-0.099   -0.1   0.075  0.9286491
-0.099   -0.1   0.076  0.9286491
-0.099   -0.1   0.077  0.9286491
-0.099   -0.1   0.078  0.9286491
-0.099   -0.1   0.079  0.9286491
-0.099   -0.1   0.08  0.9286491
-0.099   -0.1   0.081  0.9286491
-0.099   -0.1   0.082  0.9286491
-0.099   -0.1   0.083  0.9286491
-0.099   -0.1   0.084  0.9286491
-0.099   -0.1   0.085  0.9286491
-0.099   -0.1   0.086  0.9286491
-0.099   -0.1   0.087  0.9286491
-0.099   -0.1   0.088  0.9286491
-0.099   -0.1   0.089  0.9286491
-0.099   -0.1   0.09  0.9286491
-0.099   -0.1   0.091  0.9286491
-0.099   -0.1   0.092  0.9286491
-0.099   -0.1   0.093  0.9286491
-0.099   -0.1   0.094  0.9286491
-0.099   -0.1   0.095  0.9286491
-0.099   -0.1   0.096  0.9286491
-0.099   -0.1   0.097  0.9286491
-0.099   -0.1   0.098  0.9286491
-0.099   -0.1   0.099  0.9286491
-0.098   -0.1   -0.1  0.92359835
-0.098   -0.1   -0.099  0.92359835
-0.098   -0.1   -0.098  0.92359835
-0.098   -0.1   -0.097  0.92359835
-0.098   -0.1   -0.096  0.92359835
-0.098   -0.1   -0.095  0.92359835
-0.098   -0.1   -0.094  0.92359835
-0.098   -0.1   -0.093  0.92359835
-0.098   -0.1   -0.092  0.92359835
-0.098   -0.1   -0.091  0.92359835
-0.098   -0.1   -0.09  0.92359835
-0.098   -0.1   -0.089  0.92359835
-0.098   -0.1   -0.088  0.92359835
-0.098   -0.1   -0.087  0.92359835
-0.098   -0.1   -0.086  0.92359835
-0.098   -0.1   -0.085  0.92359835
-0.098   -0.1   -0.084  0.92359835
-0.098   -0.1   -0.083  0.92359835
-0.098   -0.1   -0.082  0.92359835
-0.098   -0.1   -0.081  0.92359835
-0.098   -0.1   -0.08  0.92359835
-0.098   -0.1   -0.079  0.92359835
-0.098   -0.1   -0.078  0.92359835
-0.098   -0.1   -0.077  0.92359835
-0.098   -0.1   -0.076  0.92359835
-0.098   -0.1   -0.075  0.92359835
-0.098   -0.1   -0.074  0.92359835
-0.098   -0.1   -0.073  0.92359835
-0.098   -0.1   -0.072  0.92359835
-0.098   -0.1   -0.071  0.92359835
-0.098   -0.1   -0.07  0.92359835
-0.098   -0.1   -0.069  0.92359835
-0.098   -0.1   -0.068  0.92359835
-0.098   -0.1   -0.067  0.92359835
-0.098   -0.1   -0.066  0.92359835
-0.098   -0.1   -0.065  0.92359835
-0.098   -0.1   -0.064  0.92359835
-0.098   -0.1   -0.063  0.92359835
-0.098   -0.1   -0.062  0.92359835
-0.098   -0.1   -0.061  0.92359835
-0.098   -0.1   -0.06  0.92359835
-0.098   -0.1   -0.059  0.92359835
-0.098   -0.1   -0.058  0.92359835
-0.098   -0.1   -0.057  0.92359835
-0.098   -0.1   -0.056  0.92359835
-0.098   -0.1   -0.055  0.92359835
-0.098   -0.1   -0.054  0.92359835
-0.098   -0.1   -0.053  0.92359835
-0.098   -0.1   -0.052  0.92359835
-0.098   -0.1   -0.051  0.92359835
-0.098   -0.1   -0.05  0.92359835
-0.098   -0.1   -0.049  0.92359835
-0.098   -0.1   -0.048  0.92359835
-0.098   -0.1   -0.047  0.92359835
-0.098   -0.1   -0.046  0.92359835
-0.098   -0.1   -0.045  0.92359835
-0.098   -0.1   -0.044  0.92359835
-0.098   -0.1   -0.043  0.92359835
-0.098   -0.1   -0.042  0.92359835
-0.098   -0.1   -0.041  0.92359835
-0.098   -0.1   -0.04  0.92359835
-0.098   -0.1   -0.039  0.92359835
-0.098   -0.1   -0.038  0.92359835
-0.098   -0.1   -0.037  0.92359835
-0.098   -0.1   -0.036  0.92359835
-0.098   -0.1   -0.035  0.92359835
-0.098   -0.1   -0.034  0.92359835
-0.098   -0.1   -0.033  0.92359835
-0.098   -0.1   -0.032  0.92359835
-0.098   -0.1   -0.031  0.92359835
-0.098   -0.1   -0.03  0.92359835
-0.098   -0.1   -0.029  0.92359835
-0.098   -0.1   -0.028  0.92359835
-0.098   -0.1   -0.027  0.92359835
-0.098   -0.1   -0.026  0.92359835
-0.098   -0.1   -0.025  0.92359835
-0.098   -0.1   -0.024  0.92359835
-0.098   -0.1   -0.023  0.92359835
-0.098   -0.1   -0.022  0.92359835
-0.098   -0.1   -0.021  0.92359835
-0.098   -0.1   -0.02  0.92359835
-0.098   -0.1   -0.019  0.92359835
-0.098   -0.1   -0.018  0.92359835
-0.098   -0.1   -0.017  0.92359835
-0.098   -0.1   -0.016  0.92359835
-0.098   -0.1   -0.015  0.92359835
-0.098   -0.1   -0.014  0.92359835
-0.098   -0.1   -0.013  0.92359835
-0.098   -0.1   -0.012  0.92359835
-0.098   -0.1   -0.011  0.92359835
-0.098   -0.1   -0.01  0.92359835
-0.098   -0.1   -0.009  0.92359835
-0.098   -0.1   -0.008  0.92359835
-0.098   -0.1   -0.007  0.92359835
-0.098   -0.1   -0.006  0.92359835
-0.098   -0.1   -0.005  0.92359835
-0.098   -0.1   -0.004  0.92359835
-0.098   -0.1   -0.003  0.92359835
-0.098   -0.1   -0.002  0.92359835
-0.098   -0.1   -0.001  0.92359835
-0.098   -0.1   -0.0  0.92359835
-0.098   -0.1   0.001  0.92359835
-0.098   -0.1   0.002  0.92359835
-0.098   -0.1   0.003  0.92359835
-0.098   -0.1   0.004  0.92359835
-0.098   -0.1   0.005  0.92359835
-0.098   -0.1   0.006  0.92359835
-0.098   -0.1   0.007  0.92359835
-0.098   -0.1   0.008  0.92359835
-0.098   -0.1   0.009  0.92359835
-0.098   -0.1   0.01  0.92359835
-0.098   -0.1   0.011  0.92359835
-0.098   -0.1   0.012  0.92359835
-0.098   -0.1   0.013  0.92359835
-0.098   -0.1   0.014  0.92359835
-0.098   -0.1   0.015  0.92359835
-0.098   -0.1   0.016  0.92359835
-0.098   -0.1   0.017  0.92359835
-0.098   -0.1   0.018  0.92359835
-0.098   -0.1   0.019  0.92359835
-0.098   -0.1   0.02  0.92359835
-0.098   -0.1   0.021  0.92359835
-0.098   -0.1   0.022  0.92359835
-0.098   -0.1   0.023  0.92359835
-0.098   -0.1   0.024  0.92359835
-0.098   -0.1   0.025  0.92359835
-0.098   -0.1   0.026  0.92359835
-0.098   -0.1   0.027  0.92359835
-0.098   -0.1   0.028  0.92359835
-0.098   -0.1   0.029  0.92359835
-0.098   -0.1   0.03  0.92359835
-0.098   -0.1   0.031  0.92359835
-0.098   -0.1   0.032  0.92359835
-0.098   -0.1   0.033  0.92359835
-0.098   -0.1   0.034  0.92359835
-0.098   -0.1   0.035  0.92359835
-0.098   -0.1   0.036  0.92359835
-0.098   -0.1   0.037  0.92359835
-0.098   -0.1   0.038  0.92359835
-0.098   -0.1   0.039  0.92359835
-0.098   -0.1   0.04  0.92359835
-0.098   -0.1   0.041  0.92359835
-0.098   -0.1   0.042  0.92359835
-0.098   -0.1   0.043  0.92359835
-0.098   -0.1   0.044  0.92359835
-0.098   -0.1   0.045  0.92359835
-0.098   -0.1   0.046  0.92359835
-0.098   -0.1   0.047  0.92359835
-0.098   -0.1   0.048  0.92359835
-0.098   -0.1   0.049  0.92359835
-0.098   -0.1   0.05  0.92359835
-0.098   -0.1   0.051  0.92359835
-0.098   -0.1   0.052  0.92359835
-0.098   -0.1   0.053  0.92359835
-0.098   -0.1   0.054  0.92359835
-0.098   -0.1   0.055  0.92359835
-0.098   -0.1   0.056  0.92359835
-0.098   -0.1   0.057  0.92359835
-0.098   -0.1   0.058  0.92359835
-0.098   -0.1   0.059  0.92359835
-0.098   -0.1   0.06  0.92359835
-0.098   -0.1   0.061  0.92359835
-0.098   -0.1   0.062  0.92359835
-0.098   -0.1   0.063  0.92359835
-0.098   -0.1   0.064  0.92359835
-0.098   -0.1   0.065  0.92359835
-0.098   -0.1   0.066  0.92359835
-0.098   -0.1   0.067  0.92359835
-0.098   -0.1   0.068  0.92359835
-0.098   -0.1   0.069  0.92359835
-0.098   -0.1   0.07  0.92359835
-0.098   -0.1   0.071  0.92359835
-0.098   -0.1   0.072  0.92359835
-0.098   -0.1   0.073  0.92359835
-0.098   -0.1   0.074  0.92359835
-0.098   -0.1   0.075  0.92359835
-0.098   -0.1   0.076  0.92359835
-0.098   -0.1   0.077  0.92359835
-0.098   -0.1   0.078  0.92359835
-0.098   -0.1   0.079  0.92359835
-0.098   -0.1   0.08  0.92359835
-0.098   -0.1   0.081  0.92359835
-0.098   -0.1   0.082  0.92359835
-0.098   -0.1   0.083  0.92359835
-0.098   -0.1   0.084  0.92359835
-0.098   -0.1   0.085  0.92359835
-0.098   -0.1   0.086  0.92359835
-0.098   -0.1   0.087  0.92359835
-0.098   -0.1   0.088  0.92359835
-0.098   -0.1   0.089  0.92359835
-0.098   -0.1   0.09  0.92359835
-0.098   -0.1   0.091  0.92359835
-0.098   -0.1   0.092  0.92359835
-0.098   -0.1   0.093  0.92359835
-0.098   -0.1   0.094  0.92359835
-0.098   -0.1   0.095  0.92359835
-0.098   -0.1   0.096  0.92359835
-0.098   -0.1   0.097  0.92359835
-0.098   -0.1   0.098  0.92359835
-0.098   -0.1   0.099  0.92359835
-0.097   -0.1   -0.1  0.9185476
-0.097   -0.1   -0.099  0.9185476
-0.097   -0.1   -0.098  0.9185476
-0.097   -0.1   -0.097  0.9185476
-0.097   -0.1   -0.096  0.9185476
-0.097   -0.1   -0.095  0.9185476
-0.097   -0.1   -0.094  0.9185476
-0.097   -0.1   -0.093  0.9185476
-0.097   -0.1   -0.092  0.9185476
-0.097   -0.1   -0.091  0.9185476
-0.097   -0.1   -0.09  0.9185476
-0.097   -0.1   -0.089  0.9185476
-0.097   -0.1   -0.088  0.9185476
-0.097   -0.1   -0.087  0.9185476
-0.097   -0.1   -0.086  0.9185476
-0.097   -0.1   -0.085  0.9185476
-0.097   -0.1   -0.084  0.9185476
-0.097   -0.1   -0.083  0.9185476
-0.097   -0.1   -0.082  0.9185476
-0.097   -0.1   -0.081  0.9185476
-0.097   -0.1   -0.08  0.9185476
-0.097   -0.1   -0.079  0.9185476
-0.097   -0.1   -0.078  0.9185476
-0.097   -0.1   -0.077  0.9185476
-0.097   -0.1   -0.076  0.9185476
-0.097   -0.1   -0.075  0.9185476
-0.097   -0.1   -0.074  0.9185476
-0.097   -0.1   -0.073  0.9185476
-0.097   -0.1   -0.072  0.9185476
-0.097   -0.1   -0.071  0.9185476
-0.097   -0.1   -0.07  0.9185476
-0.097   -0.1   -0.069  0.9185476
-0.097   -0.1   -0.068  0.9185476
-0.097   -0.1   -0.067  0.9185476
-0.097   -0.1   -0.066  0.9185476
-0.097   -0.1   -0.065  0.9185476
-0.097   -0.1   -0.064  0.9185476
-0.097   -0.1   -0.063  0.9185476
-0.097   -0.1   -0.062  0.9185476
-0.097   -0.1   -0.061  0.9185476
-0.097   -0.1   -0.06  0.9185476
-0.097   -0.1   -0.059  0.9185476
-0.097   -0.1   -0.058  0.9185476
-0.097   -0.1   -0.057  0.9185476
-0.097   -0.1   -0.056  0.9185476
-0.097   -0.1   -0.055  0.9185476
-0.097   -0.1   -0.054  0.9185476
-0.097   -0.1   -0.053  0.9185476
-0.097   -0.1   -0.052  0.9185476
-0.097   -0.1   -0.051  0.9185476
-0.097   -0.1   -0.05  0.9185476
-0.097   -0.1   -0.049  0.9185476
-0.097   -0.1   -0.048  0.9185476
-0.097   -0.1   -0.047  0.9185476
-0.097   -0.1   -0.046  0.9185476
-0.097   -0.1   -0.045  0.9185476
-0.097   -0.1   -0.044  0.9185476
-0.097   -0.1   -0.043  0.9185476
-0.097   -0.1   -0.042  0.9185476
-0.097   -0.1   -0.041  0.9185476
-0.097   -0.1   -0.04  0.9185476
-0.097   -0.1   -0.039  0.9185476
-0.097   -0.1   -0.038  0.9185476
-0.097   -0.1   -0.037  0.9185476
-0.097   -0.1   -0.036  0.9185476
-0.097   -0.1   -0.035  0.9185476
-0.097   -0.1   -0.034  0.9185476
-0.097   -0.1   -0.033  0.9185476
-0.097   -0.1   -0.032  0.9185476
-0.097   -0.1   -0.031  0.9185476
-0.097   -0.1   -0.03  0.9185476
-0.097   -0.1   -0.029  0.9185476
-0.097   -0.1   -0.028  0.9185476
-0.097   -0.1   -0.027  0.9185476
-0.097   -0.1   -0.026  0.9185476
-0.097   -0.1   -0.025  0.9185476
-0.097   -0.1   -0.024  0.9185476
-0.097   -0.1   -0.023  0.9185476
-0.097   -0.1   -0.022  0.9185476
-0.097   -0.1   -0.021  0.9185476
-0.097   -0.1   -0.02  0.9185476
-0.097   -0.1   -0.019  0.9185476
-0.097   -0.1   -0.018  0.9185476
-0.097   -0.1   -0.017  0.9185476
-0.097   -0.1   -0.016  0.9185476
-0.097   -0.1   -0.015  0.9185476
-0.097   -0.1   -0.014  0.9185476
-0.097   -0.1   -0.013  0.9185476
-0.097   -0.1   -0.012  0.9185476
-0.097   -0.1   -0.011  0.9185476
-0.097   -0.1   -0.01  0.9185476
-0.097   -0.1   -0.009  0.9185476
-0.097   -0.1   -0.008  0.9185476
-0.097   -0.1   -0.007  0.9185476
-0.097   -0.1   -0.006  0.9185476
-0.097   -0.1   -0.005  0.9185476
-0.097   -0.1   -0.004  0.9185476
-0.097   -0.1   -0.003  0.9185476
-0.097   -0.1   -0.002  0.9185476
-0.097   -0.1   -0.001  0.9185476
-0.097   -0.1   -0.0  0.9185476
-0.097   -0.1   0.001  0.9185476
-0.097   -0.1   0.002  0.9185476
-0.097   -0.1   0.003  0.9185476
-0.097   -0.1   0.004  0.9185476
-0.097   -0.1   0.005  0.9185476
-0.097   -0.1   0.006  0.9185476
-0.097   -0.1   0.007  0.9185476
-0.097   -0.1   0.008  0.9185476
-0.097   -0.1   0.009  0.9185476
-0.097   -0.1   0.01  0.9185476
-0.097   -0.1   0.011  0.9185476
-0.097   -0.1   0.012  0.9185476
-0.097   -0.1   0.013  0.9185476
-0.097   -0.1   0.014  0.9185476
-0.097   -0.1   0.015  0.9185476
-0.097   -0.1   0.016  0.9185476
-0.097   -0.1   0.017  0.9185476
-0.097   -0.1   0.018  0.9185476
-0.097   -0.1   0.019  0.9185476
-0.097   -0.1   0.02  0.9185476
-0.097   -0.1   0.021  0.9185476
-0.097   -0.1   0.022  0.9185476
-0.097   -0.1   0.023  0.9185476
-0.097   -0.1   0.024  0.9185476
-0.097   -0.1   0.025  0.9185476
-0.097   -0.1   0.026  0.9185476
-0.097   -0.1   0.027  0.9185476
-0.097   -0.1   0.028  0.9185476
-0.097   -0.1   0.029  0.9185476
-0.097   -0.1   0.03  0.9185476
-0.097   -0.1   0.031  0.9185476
-0.097   -0.1   0.032  0.9185476
-0.097   -0.1   0.033  0.9185476
-0.097   -0.1   0.034  0.9185476
-0.097   -0.1   0.035  0.9185476
-0.097   -0.1   0.036  0.9185476
-0.097   -0.1   0.037  0.9185476
-0.097   -0.1   0.038  0.9185476
-0.097   -0.1   0.039  0.9185476
-0.097   -0.1   0.04  0.9185476
-0.097   -0.1   0.041  0.9185476
-0.097   -0.1   0.042  0.9185476
-0.097   -0.1   0.043  0.9185476
-0.097   -0.1   0.044  0.9185476
-0.097   -0.1   0.045  0.9185476
-0.097   -0.1   0.046  0.9185476
-0.097   -0.1   0.047  0.9185476
-0.097   -0.1   0.048  0.9185476
-0.097   -0.1   0.049  0.9185476
-0.097   -0.1   0.05  0.9185476
-0.097   -0.1   0.051  0.9185476
-0.097   -0.1   0.052  0.9185476
-0.097   -0.1   0.053  0.9185476
-0.097   -0.1   0.054  0.9185476
-0.097   -0.1   0.055  0.9185476
-0.097   -0.1   0.056  0.9185476
-0.097   -0.1   0.057  0.9185476
-0.097   -0.1   0.058  0.9185476
-0.097   -0.1   0.059  0.9185476
-0.097   -0.1   0.06  0.9185476
-0.097   -0.1   0.061  0.9185476
-0.097   -0.1   0.062  0.9185476
-0.097   -0.1   0.063  0.9185476
-0.097   -0.1   0.064  0.9185476
-0.097   -0.1   0.065  0.9185476
-0.097   -0.1   0.066  0.9185476
-0.097   -0.1   0.067  0.9185476
-0.097   -0.1   0.068  0.9185476
-0.097   -0.1   0.069  0.9185476
-0.097   -0.1   0.07  0.9185476
-0.097   -0.1   0.071  0.9185476
-0.097   -0.1   0.072  0.9185476
-0.097   -0.1   0.073  0.9185476
-0.097   -0.1   0.074  0.9185476
-0.097   -0.1   0.075  0.9185476
-0.097   -0.1   0.076  0.9185476
-0.097   -0.1   0.077  0.9185476
-0.097   -0.1   0.078  0.9185476
-0.097   -0.1   0.079  0.9185476
-0.097   -0.1   0.08  0.9185476
-0.097   -0.1   0.081  0.9185476
-0.097   -0.1   0.082  0.9185476
-0.097   -0.1   0.083  0.9185476
-0.097   -0.1   0.084  0.9185476
-0.097   -0.1   0.085  0.9185476
-0.097   -0.1   0.086  0.9185476
-0.097   -0.1   0.087  0.9185476
-0.097   -0.1   0.088  0.9185476
-0.097   -0.1   0.089  0.9185476
-0.097   -0.1   0.09  0.9185476
-0.097   -0.1   0.091  0.9185476
-0.097   -0.1   0.092  0.9185476
-0.097   -0.1   0.093  0.9185476
-0.097   -0.1   0.094  0.9185476
-0.097   -0.1   0.095  0.9185476
-0.097   -0.1   0.096  0.9185476
-0.097   -0.1   0.097  0.9185476
-0.097   -0.1   0.098  0.9185476
-0.097   -0.1   0.099  0.9185476
-0.096   -0.1   -0.1  0.91350144
-0.096   -0.1   -0.099  0.91350144
-0.096   -0.1   -0.098  0.91350144
-0.096   -0.1   -0.097  0.91350144
-0.096   -0.1   -0.096  0.91350144
-0.096   -0.1   -0.095  0.91350144
-0.096   -0.1   -0.094  0.91350144
-0.096   -0.1   -0.093  0.91350144
-0.096   -0.1   -0.092  0.91350144
-0.096   -0.1   -0.091  0.91350144
-0.096   -0.1   -0.09  0.91350144
-0.096   -0.1   -0.089  0.91350144
-0.096   -0.1   -0.088  0.91350144
-0.096   -0.1   -0.087  0.91350144
-0.096   -0.1   -0.086  0.91350144
-0.096   -0.1   -0.085  0.91350144
-0.096   -0.1   -0.084  0.91350144
-0.096   -0.1   -0.083  0.91350144
-0.096   -0.1   -0.082  0.91350144
-0.096   -0.1   -0.081  0.91350144
-0.096   -0.1   -0.08  0.91350144
-0.096   -0.1   -0.079  0.91350144
-0.096   -0.1   -0.078  0.91350144
-0.096   -0.1   -0.077  0.91350144
-0.096   -0.1   -0.076  0.91350144
-0.096   -0.1   -0.075  0.91350144
-0.096   -0.1   -0.074  0.91350144
-0.096   -0.1   -0.073  0.91350144
-0.096   -0.1   -0.072  0.91350144
-0.096   -0.1   -0.071  0.91350144
-0.096   -0.1   -0.07  0.91350144
-0.096   -0.1   -0.069  0.91350144
-0.096   -0.1   -0.068  0.91350144
-0.096   -0.1   -0.067  0.91350144
-0.096   -0.1   -0.066  0.91350144
-0.096   -0.1   -0.065  0.91350144
-0.096   -0.1   -0.064  0.91350144
-0.096   -0.1   -0.063  0.91350144
-0.096   -0.1   -0.062  0.91350144
-0.096   -0.1   -0.061  0.91350144
-0.096   -0.1   -0.06  0.91350144
-0.096   -0.1   -0.059  0.91350144
-0.096   -0.1   -0.058  0.91350144
-0.096   -0.1   -0.057  0.91350144
-0.096   -0.1   -0.056  0.91350144
-0.096   -0.1   -0.055  0.91350144
-0.096   -0.1   -0.054  0.91350144
-0.096   -0.1   -0.053  0.91350144
-0.096   -0.1   -0.052  0.91350144
-0.096   -0.1   -0.051  0.91350144
-0.096   -0.1   -0.05  0.91350144
-0.096   -0.1   -0.049  0.91350144
-0.096   -0.1   -0.048  0.91350144
-0.096   -0.1   -0.047  0.91350144
-0.096   -0.1   -0.046  0.91350144
-0.096   -0.1   -0.045  0.91350144
-0.096   -0.1   -0.044  0.91350144
-0.096   -0.1   -0.043  0.91350144
-0.096   -0.1   -0.042  0.91350144
-0.096   -0.1   -0.041  0.91350144
-0.096   -0.1   -0.04  0.91350144
-0.096   -0.1   -0.039  0.91350144
-0.096   -0.1   -0.038  0.91350144
-0.096   -0.1   -0.037  0.91350144
-0.096   -0.1   -0.036  0.91350144
-0.096   -0.1   -0.035  0.91350144
-0.096   -0.1   -0.034  0.91350144
-0.096   -0.1   -0.033  0.91350144
-0.096   -0.1   -0.032  0.91350144
-0.096   -0.1   -0.031  0.91350144
-0.096   -0.1   -0.03  0.91350144
-0.096   -0.1   -0.029  0.91350144
-0.096   -0.1   -0.028  0.91350144
-0.096   -0.1   -0.027  0.91350144
-0.096   -0.1   -0.026  0.91350144
-0.096   -0.1   -0.025  0.91350144
-0.096   -0.1   -0.024  0.91350144
-0.096   -0.1   -0.023  0.91350144
-0.096   -0.1   -0.022  0.91350144
-0.096   -0.1   -0.021  0.91350144
-0.096   -0.1   -0.02  0.91350144
-0.096   -0.1   -0.019  0.91350144
-0.096   -0.1   -0.018  0.91350144
-0.096   -0.1   -0.017  0.91350144
-0.096   -0.1   -0.016  0.91350144
-0.096   -0.1   -0.015  0.91350144
-0.096   -0.1   -0.014  0.91350144
-0.096   -0.1   -0.013  0.91350144
-0.096   -0.1   -0.012  0.91350144
-0.096   -0.1   -0.011  0.91350144
-0.096   -0.1   -0.01  0.91350144
-0.096   -0.1   -0.009  0.91350144
-0.096   -0.1   -0.008  0.91350144
-0.096   -0.1   -0.007  0.91350144
-0.096   -0.1   -0.006  0.91350144
-0.096   -0.1   -0.005  0.91350144
-0.096   -0.1   -0.004  0.91350144
-0.096   -0.1   -0.003  0.91350144
-0.096   -0.1   -0.002  0.91350144
-0.096   -0.1   -0.001  0.91350144
-0.096   -0.1   -0.0  0.91350144
-0.096   -0.1   0.001  0.91350144
-0.096   -0.1   0.002  0.91350144
-0.096   -0.1   0.003  0.91350144
-0.096   -0.1   0.004  0.91350144
-0.096   -0.1   0.005  0.91350144
-0.096   -0.1   0.006  0.91350144
-0.096   -0.1   0.007  0.91350144
-0.096   -0.1   0.008  0.91350144
-0.096   -0.1   0.009  0.91350144
-0.096   -0.1   0.01  0.91350144
-0.096   -0.1   0.011  0.91350144
-0.096   -0.1   0.012  0.91350144
-0.096   -0.1   0.013  0.91350144
-0.096   -0.1   0.014  0.91350144
-0.096   -0.1   0.015  0.91350144
-0.096   -0.1   0.016  0.91350144
-0.096   -0.1   0.017  0.91350144
-0.096   -0.1   0.018  0.91350144
-0.096   -0.1   0.019  0.91350144
-0.096   -0.1   0.02  0.91350144
-0.096   -0.1   0.021  0.91350144
-0.096   -0.1   0.022  0.91350144
-0.096   -0.1   0.023  0.91350144
-0.096   -0.1   0.024  0.91350144
-0.096   -0.1   0.025  0.91350144
-0.096   -0.1   0.026  0.91350144
-0.096   -0.1   0.027  0.91350144
-0.096   -0.1   0.028  0.91350144
-0.096   -0.1   0.029  0.91350144
-0.096   -0.1   0.03  0.91350144
-0.096   -0.1   0.031  0.91350144
-0.096   -0.1   0.032  0.91350144
-0.096   -0.1   0.033  0.91350144
-0.096   -0.1   0.034  0.91350144
-0.096   -0.1   0.035  0.91350144
-0.096   -0.1   0.036  0.91350144
-0.096   -0.1   0.037  0.91350144
-0.096   -0.1   0.038  0.91350144
-0.096   -0.1   0.039  0.91350144
-0.096   -0.1   0.04  0.91350144
-0.096   -0.1   0.041  0.91350144
-0.096   -0.1   0.042  0.91350144
-0.096   -0.1   0.043  0.91350144
-0.096   -0.1   0.044  0.91350144
-0.096   -0.1   0.045  0.91350144
-0.096   -0.1   0.046  0.91350144
-0.096   -0.1   0.047  0.91350144
-0.096   -0.1   0.048  0.91350144
-0.096   -0.1   0.049  0.91350144
-0.096   -0.1   0.05  0.91350144
-0.096   -0.1   0.051  0.91350144
-0.096   -0.1   0.052  0.91350144
-0.096   -0.1   0.053  0.91350144
-0.096   -0.1   0.054  0.91350144
-0.096   -0.1   0.055  0.91350144
-0.096   -0.1   0.056  0.91350144
-0.096   -0.1   0.057  0.91350144
-0.096   -0.1   0.058  0.91350144
-0.096   -0.1   0.059  0.91350144
-0.096   -0.1   0.06  0.91350144
-0.096   -0.1   0.061  0.91350144
-0.096   -0.1   0.062  0.91350144
-0.096   -0.1   0.063  0.91350144
-0.096   -0.1   0.064  0.91350144
-0.096   -0.1   0.065  0.91350144
-0.096   -0.1   0.066  0.91350144
-0.096   -0.1   0.067  0.91350144
-0.096   -0.1   0.068  0.91350144
-0.096   -0.1   0.069  0.91350144
-0.096   -0.1   0.07  0.91350144
-0.096   -0.1   0.071  0.91350144
-0.096   -0.1   0.072  0.91350144
-0.096   -0.1   0.073  0.91350144
-0.096   -0.1   0.074  0.91350144
-0.096   -0.1   0.075  0.91350144
-0.096   -0.1   0.076  0.91350144
-0.096   -0.1   0.077  0.91350144
-0.096   -0.1   0.078  0.91350144
-0.096   -0.1   0.079  0.91350144
-0.096   -0.1   0.08  0.91350144
-0.096   -0.1   0.081  0.91350144
-0.096   -0.1   0.082  0.91350144
-0.096   -0.1   0.083  0.91350144
-0.096   -0.1   0.084  0.91350144
-0.096   -0.1   0.085  0.91350144
-0.096   -0.1   0.086  0.91350144
-0.096   -0.1   0.087  0.91350144
-0.096   -0.1   0.088  0.91350144
-0.096   -0.1   0.089  0.91350144
-0.096   -0.1   0.09  0.91350144
-0.096   -0.1   0.091  0.91350144
-0.096   -0.1   0.092  0.91350144
-0.096   -0.1   0.093  0.91350144
-0.096   -0.1   0.094  0.91350144
-0.096   -0.1   0.095  0.91350144
-0.096   -0.1   0.096  0.91350144
-0.096   -0.1   0.097  0.91350144
-0.096   -0.1   0.098  0.91350144
-0.096   -0.1   0.099  0.91350144
-0.095   -0.1   -0.1  0.90848047
-0.095   -0.1   -0.099  0.90848047
-0.095   -0.1   -0.098  0.90848047
-0.095   -0.1   -0.097  0.90848047
-0.095   -0.1   -0.096  0.90848047
-0.095   -0.1   -0.095  0.90848047
-0.095   -0.1   -0.094  0.90848047
-0.095   -0.1   -0.093  0.90848047
-0.095   -0.1   -0.092  0.90848047
-0.095   -0.1   -0.091  0.90848047
-0.095   -0.1   -0.09  0.90848047
-0.095   -0.1   -0.089  0.90848047
-0.095   -0.1   -0.088  0.90848047
-0.095   -0.1   -0.087  0.90848047
-0.095   -0.1   -0.086  0.90848047
-0.095   -0.1   -0.085  0.90848047
-0.095   -0.1   -0.084  0.90848047
-0.095   -0.1   -0.083  0.90848047
-0.095   -0.1   -0.082  0.90848047
-0.095   -0.1   -0.081  0.90848047
-0.095   -0.1   -0.08  0.90848047
-0.095   -0.1   -0.079  0.90848047
-0.095   -0.1   -0.078  0.90848047
-0.095   -0.1   -0.077  0.90848047
-0.095   -0.1   -0.076  0.90848047
-0.095   -0.1   -0.075  0.90848047
-0.095   -0.1   -0.074  0.90848047
-0.095   -0.1   -0.073  0.90848047
-0.095   -0.1   -0.072  0.90848047
-0.095   -0.1   -0.071  0.90848047
-0.095   -0.1   -0.07  0.90848047
-0.095   -0.1   -0.069  0.90848047
-0.095   -0.1   -0.068  0.90848047
-0.095   -0.1   -0.067  0.90848047
-0.095   -0.1   -0.066  0.90848047
-0.095   -0.1   -0.065  0.90848047
-0.095   -0.1   -0.064  0.90848047
-0.095   -0.1   -0.063  0.90848047
-0.095   -0.1   -0.062  0.90848047
-0.095   -0.1   -0.061  0.90848047
-0.095   -0.1   -0.06  0.90848047
-0.095   -0.1   -0.059  0.90848047
-0.095   -0.1   -0.058  0.90848047
-0.095   -0.1   -0.057  0.90848047
-0.095   -0.1   -0.056  0.90848047
-0.095   -0.1   -0.055  0.90848047
-0.095   -0.1   -0.054  0.90848047
-0.095   -0.1   -0.053  0.90848047
-0.095   -0.1   -0.052  0.90848047
-0.095   -0.1   -0.051  0.90848047
-0.095   -0.1   -0.05  0.90848047
-0.095   -0.1   -0.049  0.90848047
-0.095   -0.1   -0.048  0.90848047
-0.095   -0.1   -0.047  0.90848047
-0.095   -0.1   -0.046  0.90848047
-0.095   -0.1   -0.045  0.90848047
-0.095   -0.1   -0.044  0.90848047
-0.095   -0.1   -0.043  0.90848047
-0.095   -0.1   -0.042  0.90848047
-0.095   -0.1   -0.041  0.90848047
-0.095   -0.1   -0.04  0.90848047
-0.095   -0.1   -0.039  0.90848047
-0.095   -0.1   -0.038  0.90848047
-0.095   -0.1   -0.037  0.90848047
-0.095   -0.1   -0.036  0.90848047
-0.095   -0.1   -0.035  0.90848047
-0.095   -0.1   -0.034  0.90848047
-0.095   -0.1   -0.033  0.90848047
-0.095   -0.1   -0.032  0.90848047
-0.095   -0.1   -0.031  0.90848047
-0.095   -0.1   -0.03  0.90848047
-0.095   -0.1   -0.029  0.90848047
-0.095   -0.1   -0.028  0.90848047
-0.095   -0.1   -0.027  0.90848047
-0.095   -0.1   -0.026  0.90848047
-0.095   -0.1   -0.025  0.90848047
-0.095   -0.1   -0.024  0.90848047
-0.095   -0.1   -0.023  0.90848047
-0.095   -0.1   -0.022  0.90848047
-0.095   -0.1   -0.021  0.90848047
-0.095   -0.1   -0.02  0.90848047
-0.095   -0.1   -0.019  0.90848047
-0.095   -0.1   -0.018  0.90848047
-0.095   -0.1   -0.017  0.90848047
-0.095   -0.1   -0.016  0.90848047
-0.095   -0.1   -0.015  0.90848047
-0.095   -0.1   -0.014  0.90848047
-0.095   -0.1   -0.013  0.90848047
-0.095   -0.1   -0.012  0.90848047
-0.095   -0.1   -0.011  0.90848047
-0.095   -0.1   -0.01  0.90848047
-0.095   -0.1   -0.009  0.90848047
-0.095   -0.1   -0.008  0.90848047
-0.095   -0.1   -0.007  0.90848047
-0.095   -0.1   -0.006  0.90848047
-0.095   -0.1   -0.005  0.90848047
-0.095   -0.1   -0.004  0.90848047
-0.095   -0.1   -0.003  0.90848047
-0.095   -0.1   -0.002  0.90848047
-0.095   -0.1   -0.001  0.90848047
-0.095   -0.1   -0.0  0.90848047
-0.095   -0.1   0.001  0.90848047
-0.095   -0.1   0.002  0.90848047
-0.095   -0.1   0.003  0.90848047
-0.095   -0.1   0.004  0.90848047
-0.095   -0.1   0.005  0.90848047
-0.095   -0.1   0.006  0.90848047
-0.095   -0.1   0.007  0.90848047
-0.095   -0.1   0.008  0.90848047
-0.095   -0.1   0.009  0.90848047
-0.095   -0.1   0.01  0.90848047
-0.095   -0.1   0.011  0.90848047
-0.095   -0.1   0.012  0.90848047
-0.095   -0.1   0.013  0.90848047
-0.095   -0.1   0.014  0.90848047
-0.095   -0.1   0.015  0.90848047
-0.095   -0.1   0.016  0.90848047
-0.095   -0.1   0.017  0.90848047
-0.095   -0.1   0.018  0.90848047
-0.095   -0.1   0.019  0.90848047
-0.095   -0.1   0.02  0.90848047
-0.095   -0.1   0.021  0.90848047
-0.095   -0.1   0.022  0.90848047
-0.095   -0.1   0.023  0.90848047
-0.095   -0.1   0.024  0.90848047
-0.095   -0.1   0.025  0.90848047
-0.095   -0.1   0.026  0.90848047
-0.095   -0.1   0.027  0.90848047
-0.095   -0.1   0.028  0.90848047
-0.095   -0.1   0.029  0.90848047
-0.095   -0.1   0.03  0.90848047
-0.095   -0.1   0.031  0.90848047
-0.095   -0.1   0.032  0.90848047
-0.095   -0.1   0.033  0.90848047
-0.095   -0.1   0.034  0.90848047
-0.095   -0.1   0.035  0.90848047
-0.095   -0.1   0.036  0.90848047
-0.095   -0.1   0.037  0.90848047
-0.095   -0.1   0.038  0.90848047
-0.095   -0.1   0.039  0.90848047
-0.095   -0.1   0.04  0.90848047
-0.095   -0.1   0.041  0.90848047
-0.095   -0.1   0.042  0.90848047
-0.095   -0.1   0.043  0.90848047
-0.095   -0.1   0.044  0.90848047
-0.095   -0.1   0.045  0.90848047
-0.095   -0.1   0.046  0.90848047
-0.095   -0.1   0.047  0.90848047
-0.095   -0.1   0.048  0.90848047
-0.095   -0.1   0.049  0.90848047
-0.095   -0.1   0.05  0.90848047
-0.095   -0.1   0.051  0.90848047
-0.095   -0.1   0.052  0.90848047
-0.095   -0.1   0.053  0.90848047
-0.095   -0.1   0.054  0.90848047
-0.095   -0.1   0.055  0.90848047
-0.095   -0.1   0.056  0.90848047
-0.095   -0.1   0.057  0.90848047
-0.095   -0.1   0.058  0.90848047
-0.095   -0.1   0.059  0.90848047
-0.095   -0.1   0.06  0.90848047
-0.095   -0.1   0.061  0.90848047
-0.095   -0.1   0.062  0.90848047
-0.095   -0.1   0.063  0.90848047
-0.095   -0.1   0.064  0.90848047
-0.095   -0.1   0.065  0.90848047
-0.095   -0.1   0.066  0.90848047
-0.095   -0.1   0.067  0.90848047
-0.095   -0.1   0.068  0.90848047
-0.095   -0.1   0.069  0.90848047
-0.095   -0.1   0.07  0.90848047
-0.095   -0.1   0.071  0.90848047
-0.095   -0.1   0.072  0.90848047
-0.095   -0.1   0.073  0.90848047
-0.095   -0.1   0.074  0.90848047
-0.095   -0.1   0.075  0.90848047
-0.095   -0.1   0.076  0.90848047
-0.095   -0.1   0.077  0.90848047
-0.095   -0.1   0.078  0.90848047
-0.095   -0.1   0.079  0.90848047
-0.095   -0.1   0.08  0.90848047
-0.095   -0.1   0.081  0.90848047
-0.095   -0.1   0.082  0.90848047
-0.095   -0.1   0.083  0.90848047
-0.095   -0.1   0.084  0.90848047
-0.095   -0.1   0.085  0.90848047
-0.095   -0.1   0.086  0.90848047
-0.095   -0.1   0.087  0.90848047
-0.095   -0.1   0.088  0.90848047
-0.095   -0.1   0.089  0.90848047
-0.095   -0.1   0.09  0.90848047
-0.095   -0.1   0.091  0.90848047
-0.095   -0.1   0.092  0.90848047
-0.095   -0.1   0.093  0.90848047
-0.095   -0.1   0.094  0.90848047
-0.095   -0.1   0.095  0.90848047
-0.095   -0.1   0.096  0.90848047
-0.095   -0.1   0.097  0.90848047
-0.095   -0.1   0.098  0.90848047
-0.095   -0.1   0.099  0.90848047
-0.094   -0.1   -0.1  0.9034627
-0.094   -0.1   -0.099  0.9034627
-0.094   -0.1   -0.098  0.9034627
-0.094   -0.1   -0.097  0.9034627
-0.094   -0.1   -0.096  0.9034627
-0.094   -0.1   -0.095  0.9034627
-0.094   -0.1   -0.094  0.9034627
-0.094   -0.1   -0.093  0.9034627
-0.094   -0.1   -0.092  0.9034627
-0.094   -0.1   -0.091  0.9034627
-0.094   -0.1   -0.09  0.9034627
-0.094   -0.1   -0.089  0.9034627
-0.094   -0.1   -0.088  0.9034627
-0.094   -0.1   -0.087  0.9034627
-0.094   -0.1   -0.086  0.9034627
-0.094   -0.1   -0.085  0.9034627
-0.094   -0.1   -0.084  0.9034627
-0.094   -0.1   -0.083  0.9034627
-0.094   -0.1   -0.082  0.9034627
-0.094   -0.1   -0.081  0.9034627
-0.094   -0.1   -0.08  0.9034627
-0.094   -0.1   -0.079  0.9034627
-0.094   -0.1   -0.078  0.9034627
-0.094   -0.1   -0.077  0.9034627
-0.094   -0.1   -0.076  0.9034627
-0.094   -0.1   -0.075  0.9034627
-0.094   -0.1   -0.074  0.9034627
-0.094   -0.1   -0.073  0.9034627
-0.094   -0.1   -0.072  0.9034627
-0.094   -0.1   -0.071  0.9034627
-0.094   -0.1   -0.07  0.9034627
-0.094   -0.1   -0.069  0.9034627
-0.094   -0.1   -0.068  0.9034627
-0.094   -0.1   -0.067  0.9034627
-0.094   -0.1   -0.066  0.9034627
-0.094   -0.1   -0.065  0.9034627
-0.094   -0.1   -0.064  0.9034627
-0.094   -0.1   -0.063  0.9034627
-0.094   -0.1   -0.062  0.9034627
-0.094   -0.1   -0.061  0.9034627
-0.094   -0.1   -0.06  0.9034627
-0.094   -0.1   -0.059  0.9034627
-0.094   -0.1   -0.058  0.9034627
-0.094   -0.1   -0.057  0.9034627
-0.094   -0.1   -0.056  0.9034627
-0.094   -0.1   -0.055  0.9034627
-0.094   -0.1   -0.054  0.9034627
-0.094   -0.1   -0.053  0.9034627
-0.094   -0.1   -0.052  0.9034627
-0.094   -0.1   -0.051  0.9034627
-0.094   -0.1   -0.05  0.9034627
-0.094   -0.1   -0.049  0.9034627
-0.094   -0.1   -0.048  0.9034627
-0.094   -0.1   -0.047  0.9034627
-0.094   -0.1   -0.046  0.9034627
-0.094   -0.1   -0.045  0.9034627
-0.094   -0.1   -0.044  0.9034627
-0.094   -0.1   -0.043  0.9034627
-0.094   -0.1   -0.042  0.9034627
-0.094   -0.1   -0.041  0.9034627
-0.094   -0.1   -0.04  0.9034627
-0.094   -0.1   -0.039  0.9034627
-0.094   -0.1   -0.038  0.9034627
-0.094   -0.1   -0.037  0.9034627
-0.094   -0.1   -0.036  0.9034627
-0.094   -0.1   -0.035  0.9034627
-0.094   -0.1   -0.034  0.9034627
-0.094   -0.1   -0.033  0.9034627
-0.094   -0.1   -0.032  0.9034627
-0.094   -0.1   -0.031  0.9034627
-0.094   -0.1   -0.03  0.9034627
-0.094   -0.1   -0.029  0.9034627
-0.094   -0.1   -0.028  0.9034627
-0.094   -0.1   -0.027  0.9034627
-0.094   -0.1   -0.026  0.9034627
-0.094   -0.1   -0.025  0.9034627
-0.094   -0.1   -0.024  0.9034627
-0.094   -0.1   -0.023  0.9034627
-0.094   -0.1   -0.022  0.9034627
-0.094   -0.1   -0.021  0.9034627
-0.094   -0.1   -0.02  0.9034627
-0.094   -0.1   -0.019  0.9034627
-0.094   -0.1   -0.018  0.9034627
-0.094   -0.1   -0.017  0.9034627
-0.094   -0.1   -0.016  0.9034627
-0.094   -0.1   -0.015  0.9034627
-0.094   -0.1   -0.014  0.9034627
-0.094   -0.1   -0.013  0.9034627
-0.094   -0.1   -0.012  0.9034627
-0.094   -0.1   -0.011  0.9034627
-0.094   -0.1   -0.01  0.9034627
-0.094   -0.1   -0.009  0.9034627
-0.094   -0.1   -0.008  0.9034627
-0.094   -0.1   -0.007  0.9034627
-0.094   -0.1   -0.006  0.9034627
-0.094   -0.1   -0.005  0.9034627
-0.094   -0.1   -0.004  0.9034627
-0.094   -0.1   -0.003  0.9034627
-0.094   -0.1   -0.002  0.9034627
-0.094   -0.1   -0.001  0.9034627
-0.094   -0.1   -0.0  0.9034627
-0.094   -0.1   0.001  0.9034627
-0.094   -0.1   0.002  0.9034627
-0.094   -0.1   0.003  0.9034627
-0.094   -0.1   0.004  0.9034627
-0.094   -0.1   0.005  0.9034627
-0.094   -0.1   0.006  0.9034627
-0.094   -0.1   0.007  0.9034627
-0.094   -0.1   0.008  0.9034627
-0.094   -0.1   0.009  0.9034627
-0.094   -0.1   0.01  0.9034627
-0.094   -0.1   0.011  0.9034627
-0.094   -0.1   0.012  0.9034627
-0.094   -0.1   0.013  0.9034627
-0.094   -0.1   0.014  0.9034627
-0.094   -0.1   0.015  0.9034627
-0.094   -0.1   0.016  0.9034627
-0.094   -0.1   0.017  0.9034627
-0.094   -0.1   0.018  0.9034627
-0.094   -0.1   0.019  0.9034627
-0.094   -0.1   0.02  0.9034627
-0.094   -0.1   0.021  0.9034627
-0.094   -0.1   0.022  0.9034627
-0.094   -0.1   0.023  0.9034627
-0.094   -0.1   0.024  0.9034627
-0.094   -0.1   0.025  0.9034627
-0.094   -0.1   0.026  0.9034627
-0.094   -0.1   0.027  0.9034627
-0.094   -0.1   0.028  0.9034627
-0.094   -0.1   0.029  0.9034627
-0.094   -0.1   0.03  0.9034627
-0.094   -0.1   0.031  0.9034627
-0.094   -0.1   0.032  0.9034627
-0.094   -0.1   0.033  0.9034627
-0.094   -0.1   0.034  0.9034627
-0.094   -0.1   0.035  0.9034627
-0.094   -0.1   0.036  0.9034627
-0.094   -0.1   0.037  0.9034627
-0.094   -0.1   0.038  0.9034627
-0.094   -0.1   0.039  0.9034627
-0.094   -0.1   0.04  0.9034627
-0.094   -0.1   0.041  0.9034627
-0.094   -0.1   0.042  0.9034627
-0.094   -0.1   0.043  0.9034627
-0.094   -0.1   0.044  0.9034627
-0.094   -0.1   0.045  0.9034627
-0.094   -0.1   0.046  0.9034627
-0.094   -0.1   0.047  0.9034627
-0.094   -0.1   0.048  0.9034627
-0.094   -0.1   0.049  0.9034627
-0.094   -0.1   0.05  0.9034627
-0.094   -0.1   0.051  0.9034627
-0.094   -0.1   0.052  0.9034627
-0.094   -0.1   0.053  0.9034627
-0.094   -0.1   0.054  0.9034627
-0.094   -0.1   0.055  0.9034627
-0.094   -0.1   0.056  0.9034627
-0.094   -0.1   0.057  0.9034627
-0.094   -0.1   0.058  0.9034627
-0.094   -0.1   0.059  0.9034627
-0.094   -0.1   0.06  0.9034627
-0.094   -0.1   0.061  0.9034627
-0.094   -0.1   0.062  0.9034627
-0.094   -0.1   0.063  0.9034627
-0.094   -0.1   0.064  0.9034627
-0.094   -0.1   0.065  0.9034627
-0.094   -0.1   0.066  0.9034627
-0.094   -0.1   0.067  0.9034627
-0.094   -0.1   0.068  0.9034627
-0.094   -0.1   0.069  0.9034627
-0.094   -0.1   0.07  0.9034627
-0.094   -0.1   0.071  0.9034627
-0.094   -0.1   0.072  0.9034627
-0.094   -0.1   0.073  0.9034627
-0.094   -0.1   0.074  0.9034627
-0.094   -0.1   0.075  0.9034627
-0.094   -0.1   0.076  0.9034627
-0.094   -0.1   0.077  0.9034627
-0.094   -0.1   0.078  0.9034627
-0.094   -0.1   0.079  0.9034627
-0.094   -0.1   0.08  0.9034627
-0.094   -0.1   0.081  0.9034627
-0.094   -0.1   0.082  0.9034627
-0.094   -0.1   0.083  0.9034627
-0.094   -0.1   0.084  0.9034627
-0.094   -0.1   0.085  0.9034627
-0.094   -0.1   0.086  0.9034627
-0.094   -0.1   0.087  0.9034627
-0.094   -0.1   0.088  0.9034627
-0.094   -0.1   0.089  0.9034627
-0.094   -0.1   0.09  0.9034627
-0.094   -0.1   0.091  0.9034627
-0.094   -0.1   0.092  0.9034627
-0.094   -0.1   0.093  0.9034627
-0.094   -0.1   0.094  0.9034627
-0.094   -0.1   0.095  0.9034627
-0.094   -0.1   0.096  0.9034627
-0.094   -0.1   0.097  0.9034627
-0.094   -0.1   0.098  0.9034627
-0.094   -0.1   0.099  0.9034627
-0.093   -0.1   -0.1  0.8984816
-0.093   -0.1   -0.099  0.8984816
-0.093   -0.1   -0.098  0.8984816
-0.093   -0.1   -0.097  0.8984816
-0.093   -0.1   -0.096  0.8984816
-0.093   -0.1   -0.095  0.8984816
-0.093   -0.1   -0.094  0.8984816
-0.093   -0.1   -0.093  0.8984816
-0.093   -0.1   -0.092  0.8984816
-0.093   -0.1   -0.091  0.8984816
-0.093   -0.1   -0.09  0.8984816
-0.093   -0.1   -0.089  0.8984816
-0.093   -0.1   -0.088  0.8984816
-0.093   -0.1   -0.087  0.8984816
-0.093   -0.1   -0.086  0.8984816
-0.093   -0.1   -0.085  0.8984816
-0.093   -0.1   -0.084  0.8984816
-0.093   -0.1   -0.083  0.8984816
-0.093   -0.1   -0.082  0.8984816
-0.093   -0.1   -0.081  0.8984816
-0.093   -0.1   -0.08  0.8984816
-0.093   -0.1   -0.079  0.8984816
-0.093   -0.1   -0.078  0.8984816
-0.093   -0.1   -0.077  0.8984816
-0.093   -0.1   -0.076  0.8984816
-0.093   -0.1   -0.075  0.8984816
-0.093   -0.1   -0.074  0.8984816
-0.093   -0.1   -0.073  0.8984816
-0.093   -0.1   -0.072  0.8984816
-0.093   -0.1   -0.071  0.8984816
-0.093   -0.1   -0.07  0.8984816
-0.093   -0.1   -0.069  0.8984816
-0.093   -0.1   -0.068  0.8984816
-0.093   -0.1   -0.067  0.8984816
-0.093   -0.1   -0.066  0.8984816
-0.093   -0.1   -0.065  0.8984816
-0.093   -0.1   -0.064  0.8984816
-0.093   -0.1   -0.063  0.8984816
-0.093   -0.1   -0.062  0.8984816
-0.093   -0.1   -0.061  0.8984816
-0.093   -0.1   -0.06  0.8984816
-0.093   -0.1   -0.059  0.8984816
-0.093   -0.1   -0.058  0.8984816
-0.093   -0.1   -0.057  0.8984816
-0.093   -0.1   -0.056  0.8984816
-0.093   -0.1   -0.055  0.8984816
-0.093   -0.1   -0.054  0.8984816
-0.093   -0.1   -0.053  0.8984816
-0.093   -0.1   -0.052  0.8984816
-0.093   -0.1   -0.051  0.8984816
-0.093   -0.1   -0.05  0.8984816
-0.093   -0.1   -0.049  0.8984816
-0.093   -0.1   -0.048  0.8984816
-0.093   -0.1   -0.047  0.8984816
-0.093   -0.1   -0.046  0.8984816
-0.093   -0.1   -0.045  0.8984816
-0.093   -0.1   -0.044  0.8984816
-0.093   -0.1   -0.043  0.8984816
-0.093   -0.1   -0.042  0.8984816
-0.093   -0.1   -0.041  0.8984816
-0.093   -0.1   -0.04  0.8984816
-0.093   -0.1   -0.039  0.8984816
-0.093   -0.1   -0.038  0.8984816
-0.093   -0.1   -0.037  0.8984816
-0.093   -0.1   -0.036  0.8984816
-0.093   -0.1   -0.035  0.8984816
-0.093   -0.1   -0.034  0.8984816
-0.093   -0.1   -0.033  0.8984816
-0.093   -0.1   -0.032  0.8984816
-0.093   -0.1   -0.031  0.8984816
-0.093   -0.1   -0.03  0.8984816
-0.093   -0.1   -0.029  0.8984816
-0.093   -0.1   -0.028  0.8984816
-0.093   -0.1   -0.027  0.8984816
-0.093   -0.1   -0.026  0.8984816
-0.093   -0.1   -0.025  0.8984816
-0.093   -0.1   -0.024  0.8984816
-0.093   -0.1   -0.023  0.8984816
-0.093   -0.1   -0.022  0.8984816
-0.093   -0.1   -0.021  0.8984816
-0.093   -0.1   -0.02  0.8984816
-0.093   -0.1   -0.019  0.8984816
-0.093   -0.1   -0.018  0.8984816
-0.093   -0.1   -0.017  0.8984816
-0.093   -0.1   -0.016  0.8984816
-0.093   -0.1   -0.015  0.8984816
-0.093   -0.1   -0.014  0.8984816
-0.093   -0.1   -0.013  0.8984816
-0.093   -0.1   -0.012  0.8984816
-0.093   -0.1   -0.011  0.8984816
-0.093   -0.1   -0.01  0.8984816
-0.093   -0.1   -0.009  0.8984816
-0.093   -0.1   -0.008  0.8984816
-0.093   -0.1   -0.007  0.8984816
-0.093   -0.1   -0.006  0.8984816
-0.093   -0.1   -0.005  0.8984816
-0.093   -0.1   -0.004  0.8984816
-0.093   -0.1   -0.003  0.8984816
-0.093   -0.1   -0.002  0.8984816
-0.093   -0.1   -0.001  0.8984816
-0.093   -0.1   -0.0  0.8984816
-0.093   -0.1   0.001  0.8984816
-0.093   -0.1   0.002  0.8984816
-0.093   -0.1   0.003  0.8984816
-0.093   -0.1   0.004  0.8984816
-0.093   -0.1   0.005  0.8984816
-0.093   -0.1   0.006  0.8984816
-0.093   -0.1   0.007  0.8984816
-0.093   -0.1   0.008  0.8984816
-0.093   -0.1   0.009  0.8984816
-0.093   -0.1   0.01  0.8984816
-0.093   -0.1   0.011  0.8984816
-0.093   -0.1   0.012  0.8984816
-0.093   -0.1   0.013  0.8984816
-0.093   -0.1   0.014  0.8984816
-0.093   -0.1   0.015  0.8984816
-0.093   -0.1   0.016  0.8984816
-0.093   -0.1   0.017  0.8984816
-0.093   -0.1   0.018  0.8984816
-0.093   -0.1   0.019  0.8984816
-0.093   -0.1   0.02  0.8984816
-0.093   -0.1   0.021  0.8984816
-0.093   -0.1   0.022  0.8984816
-0.093   -0.1   0.023  0.8984816
-0.093   -0.1   0.024  0.8984816
-0.093   -0.1   0.025  0.8984816
-0.093   -0.1   0.026  0.8984816
-0.093   -0.1   0.027  0.8984816
-0.093   -0.1   0.028  0.8984816
-0.093   -0.1   0.029  0.8984816
-0.093   -0.1   0.03  0.8984816
-0.093   -0.1   0.031  0.8984816
-0.093   -0.1   0.032  0.8984816
-0.093   -0.1   0.033  0.8984816
-0.093   -0.1   0.034  0.8984816
-0.093   -0.1   0.035  0.8984816
-0.093   -0.1   0.036  0.8984816
-0.093   -0.1   0.037  0.8984816
-0.093   -0.1   0.038  0.8984816
-0.093   -0.1   0.039  0.8984816
-0.093   -0.1   0.04  0.8984816
-0.093   -0.1   0.041  0.8984816
-0.093   -0.1   0.042  0.8984816
-0.093   -0.1   0.043  0.8984816
-0.093   -0.1   0.044  0.8984816
-0.093   -0.1   0.045  0.8984816
-0.093   -0.1   0.046  0.8984816
-0.093   -0.1   0.047  0.8984816
-0.093   -0.1   0.048  0.8984816
-0.093   -0.1   0.049  0.8984816
-0.093   -0.1   0.05  0.8984816
-0.093   -0.1   0.051  0.8984816
-0.093   -0.1   0.052  0.8984816
-0.093   -0.1   0.053  0.8984816
-0.093   -0.1   0.054  0.8984816
-0.093   -0.1   0.055  0.8984816
-0.093   -0.1   0.056  0.8984816
-0.093   -0.1   0.057  0.8984816
-0.093   -0.1   0.058  0.8984816
-0.093   -0.1   0.059  0.8984816
-0.093   -0.1   0.06  0.8984816
-0.093   -0.1   0.061  0.8984816
-0.093   -0.1   0.062  0.8984816
-0.093   -0.1   0.063  0.8984816
-0.093   -0.1   0.064  0.8984816
-0.093   -0.1   0.065  0.8984816
-0.093   -0.1   0.066  0.8984816
-0.093   -0.1   0.067  0.8984816
-0.093   -0.1   0.068  0.8984816
-0.093   -0.1   0.069  0.8984816
-0.093   -0.1   0.07  0.8984816
-0.093   -0.1   0.071  0.8984816
-0.093   -0.1   0.072  0.8984816
-0.093   -0.1   0.073  0.8984816
-0.093   -0.1   0.074  0.8984816
-0.093   -0.1   0.075  0.8984816
-0.093   -0.1   0.076  0.8984816
-0.093   -0.1   0.077  0.8984816
-0.093   -0.1   0.078  0.8984816
-0.093   -0.1   0.079  0.8984816
-0.093   -0.1   0.08  0.8984816
-0.093   -0.1   0.081  0.8984816
-0.093   -0.1   0.082  0.8984816
-0.093   -0.1   0.083  0.8984816
-0.093   -0.1   0.084  0.8984816
-0.093   -0.1   0.085  0.8984816
-0.093   -0.1   0.086  0.8984816
-0.093   -0.1   0.087  0.8984816
-0.093   -0.1   0.088  0.8984816
-0.093   -0.1   0.089  0.8984816
-0.093   -0.1   0.09  0.8984816
-0.093   -0.1   0.091  0.8984816
-0.093   -0.1   0.092  0.8984816
-0.093   -0.1   0.093  0.8984816
-0.093   -0.1   0.094  0.8984816
-0.093   -0.1   0.095  0.8984816
-0.093   -0.1   0.096  0.8984816
-0.093   -0.1   0.097  0.8984816
-0.093   -0.1   0.098  0.8984816
-0.093   -0.1   0.099  0.8984816
-0.092   -0.1   -0.1  0.89350045
-0.092   -0.1   -0.099  0.89350045
-0.092   -0.1   -0.098  0.89350045
-0.092   -0.1   -0.097  0.89350045
-0.092   -0.1   -0.096  0.89350045
-0.092   -0.1   -0.095  0.89350045
-0.092   -0.1   -0.094  0.89350045
-0.092   -0.1   -0.093  0.89350045
-0.092   -0.1   -0.092  0.89350045
-0.092   -0.1   -0.091  0.89350045
-0.092   -0.1   -0.09  0.89350045
-0.092   -0.1   -0.089  0.89350045
-0.092   -0.1   -0.088  0.89350045
-0.092   -0.1   -0.087  0.89350045
-0.092   -0.1   -0.086  0.89350045
-0.092   -0.1   -0.085  0.89350045
-0.092   -0.1   -0.084  0.89350045
-0.092   -0.1   -0.083  0.89350045
-0.092   -0.1   -0.082  0.89350045
-0.092   -0.1   -0.081  0.89350045
-0.092   -0.1   -0.08  0.89350045
-0.092   -0.1   -0.079  0.89350045
-0.092   -0.1   -0.078  0.89350045
-0.092   -0.1   -0.077  0.89350045
-0.092   -0.1   -0.076  0.89350045
-0.092   -0.1   -0.075  0.89350045
-0.092   -0.1   -0.074  0.89350045
-0.092   -0.1   -0.073  0.89350045
-0.092   -0.1   -0.072  0.89350045
-0.092   -0.1   -0.071  0.89350045
-0.092   -0.1   -0.07  0.89350045
-0.092   -0.1   -0.069  0.89350045
-0.092   -0.1   -0.068  0.89350045
-0.092   -0.1   -0.067  0.89350045
-0.092   -0.1   -0.066  0.89350045
-0.092   -0.1   -0.065  0.89350045
-0.092   -0.1   -0.064  0.89350045
-0.092   -0.1   -0.063  0.89350045
-0.092   -0.1   -0.062  0.89350045
-0.092   -0.1   -0.061  0.89350045
-0.092   -0.1   -0.06  0.89350045
-0.092   -0.1   -0.059  0.89350045
-0.092   -0.1   -0.058  0.89350045
-0.092   -0.1   -0.057  0.89350045
-0.092   -0.1   -0.056  0.89350045
-0.092   -0.1   -0.055  0.89350045
-0.092   -0.1   -0.054  0.89350045
-0.092   -0.1   -0.053  0.89350045
-0.092   -0.1   -0.052  0.89350045
-0.092   -0.1   -0.051  0.89350045
-0.092   -0.1   -0.05  0.89350045
-0.092   -0.1   -0.049  0.89350045
-0.092   -0.1   -0.048  0.89350045
-0.092   -0.1   -0.047  0.89350045
-0.092   -0.1   -0.046  0.89350045
-0.092   -0.1   -0.045  0.89350045
-0.092   -0.1   -0.044  0.89350045
-0.092   -0.1   -0.043  0.89350045
-0.092   -0.1   -0.042  0.89350045
-0.092   -0.1   -0.041  0.89350045
-0.092   -0.1   -0.04  0.89350045
-0.092   -0.1   -0.039  0.89350045
-0.092   -0.1   -0.038  0.89350045
-0.092   -0.1   -0.037  0.89350045
-0.092   -0.1   -0.036  0.89350045
-0.092   -0.1   -0.035  0.89350045
-0.092   -0.1   -0.034  0.89350045
-0.092   -0.1   -0.033  0.89350045
-0.092   -0.1   -0.032  0.89350045
-0.092   -0.1   -0.031  0.89350045
-0.092   -0.1   -0.03  0.89350045
-0.092   -0.1   -0.029  0.89350045
-0.092   -0.1   -0.028  0.89350045
-0.092   -0.1   -0.027  0.89350045
-0.092   -0.1   -0.026  0.89350045
-0.092   -0.1   -0.025  0.89350045
-0.092   -0.1   -0.024  0.89350045
-0.092   -0.1   -0.023  0.89350045
-0.092   -0.1   -0.022  0.89350045
-0.092   -0.1   -0.021  0.89350045
-0.092   -0.1   -0.02  0.89350045
-0.092   -0.1   -0.019  0.89350045
-0.092   -0.1   -0.018  0.89350045
-0.092   -0.1   -0.017  0.89350045
-0.092   -0.1   -0.016  0.89350045
-0.092   -0.1   -0.015  0.89350045
-0.092   -0.1   -0.014  0.89350045
-0.092   -0.1   -0.013  0.89350045
-0.092   -0.1   -0.012  0.89350045
-0.092   -0.1   -0.011  0.89350045
-0.092   -0.1   -0.01  0.89350045
-0.092   -0.1   -0.009  0.89350045
-0.092   -0.1   -0.008  0.89350045
-0.092   -0.1   -0.007  0.89350045
-0.092   -0.1   -0.006  0.89350045
-0.092   -0.1   -0.005  0.89350045
-0.092   -0.1   -0.004  0.89350045
-0.092   -0.1   -0.003  0.89350045
-0.092   -0.1   -0.002  0.89350045
-0.092   -0.1   -0.001  0.89350045
-0.092   -0.1   -0.0  0.89350045
-0.092   -0.1   0.001  0.89350045
-0.092   -0.1   0.002  0.89350045
-0.092   -0.1   0.003  0.89350045
-0.092   -0.1   0.004  0.89350045
-0.092   -0.1   0.005  0.89350045
-0.092   -0.1   0.006  0.89350045
-0.092   -0.1   0.007  0.89350045
-0.092   -0.1   0.008  0.89350045
-0.092   -0.1   0.009  0.89350045
-0.092   -0.1   0.01  0.89350045
-0.092   -0.1   0.011  0.89350045
-0.092   -0.1   0.012  0.89350045
-0.092   -0.1   0.013  0.89350045
-0.092   -0.1   0.014  0.89350045
-0.092   -0.1   0.015  0.89350045
-0.092   -0.1   0.016  0.89350045
-0.092   -0.1   0.017  0.89350045
-0.092   -0.1   0.018  0.89350045
-0.092   -0.1   0.019  0.89350045
-0.092   -0.1   0.02  0.89350045
-0.092   -0.1   0.021  0.89350045
-0.092   -0.1   0.022  0.89350045
-0.092   -0.1   0.023  0.89350045
-0.092   -0.1   0.024  0.89350045
-0.092   -0.1   0.025  0.89350045
-0.092   -0.1   0.026  0.89350045
-0.092   -0.1   0.027  0.89350045
-0.092   -0.1   0.028  0.89350045
-0.092   -0.1   0.029  0.89350045
-0.092   -0.1   0.03  0.89350045
-0.092   -0.1   0.031  0.89350045
-0.092   -0.1   0.032  0.89350045
-0.092   -0.1   0.033  0.89350045
-0.092   -0.1   0.034  0.89350045
-0.092   -0.1   0.035  0.89350045
-0.092   -0.1   0.036  0.89350045
-0.092   -0.1   0.037  0.89350045
-0.092   -0.1   0.038  0.89350045
-0.092   -0.1   0.039  0.89350045
-0.092   -0.1   0.04  0.89350045
-0.092   -0.1   0.041  0.89350045
-0.092   -0.1   0.042  0.89350045
-0.092   -0.1   0.043  0.89350045
-0.092   -0.1   0.044  0.89350045
-0.092   -0.1   0.045  0.89350045
-0.092   -0.1   0.046  0.89350045
-0.092   -0.1   0.047  0.89350045
-0.092   -0.1   0.048  0.89350045
-0.092   -0.1   0.049  0.89350045
-0.092   -0.1   0.05  0.89350045
-0.092   -0.1   0.051  0.89350045
-0.092   -0.1   0.052  0.89350045
-0.092   -0.1   0.053  0.89350045
-0.092   -0.1   0.054  0.89350045
-0.092   -0.1   0.055  0.89350045
-0.092   -0.1   0.056  0.89350045
-0.092   -0.1   0.057  0.89350045
-0.092   -0.1   0.058  0.89350045
-0.092   -0.1   0.059  0.89350045
-0.092   -0.1   0.06  0.89350045
-0.092   -0.1   0.061  0.89350045
-0.092   -0.1   0.062  0.89350045
-0.092   -0.1   0.063  0.89350045
-0.092   -0.1   0.064  0.89350045
-0.092   -0.1   0.065  0.89350045
-0.092   -0.1   0.066  0.89350045
-0.092   -0.1   0.067  0.89350045
-0.092   -0.1   0.068  0.89350045
-0.092   -0.1   0.069  0.89350045
-0.092   -0.1   0.07  0.89350045
-0.092   -0.1   0.071  0.89350045
-0.092   -0.1   0.072  0.89350045
-0.092   -0.1   0.073  0.89350045
-0.092   -0.1   0.074  0.89350045
-0.092   -0.1   0.075  0.89350045
-0.092   -0.1   0.076  0.89350045
-0.092   -0.1   0.077  0.89350045
-0.092   -0.1   0.078  0.89350045
-0.092   -0.1   0.079  0.89350045
-0.092   -0.1   0.08  0.89350045
-0.092   -0.1   0.081  0.89350045
-0.092   -0.1   0.082  0.89350045
-0.092   -0.1   0.083  0.89350045
-0.092   -0.1   0.084  0.89350045
-0.092   -0.1   0.085  0.89350045
-0.092   -0.1   0.086  0.89350045
-0.092   -0.1   0.087  0.89350045
-0.092   -0.1   0.088  0.89350045
-0.092   -0.1   0.089  0.89350045
-0.092   -0.1   0.09  0.89350045
-0.092   -0.1   0.091  0.89350045
-0.092   -0.1   0.092  0.89350045
-0.092   -0.1   0.093  0.89350045
-0.092   -0.1   0.094  0.89350045
-0.092   -0.1   0.095  0.89350045
-0.092   -0.1   0.096  0.89350045
-0.092   -0.1   0.097  0.89350045
-0.092   -0.1   0.098  0.89350045
-0.092   -0.1   0.099  0.89350045
-0.091   -0.1   -0.1  0.8885172
-0.091   -0.1   -0.099  0.8885172
-0.091   -0.1   -0.098  0.8885172
-0.091   -0.1   -0.097  0.8885172
-0.091   -0.1   -0.096  0.8885172
-0.091   -0.1   -0.095  0.8885172
-0.091   -0.1   -0.094  0.8885172
-0.091   -0.1   -0.093  0.8885172
-0.091   -0.1   -0.092  0.8885172
-0.091   -0.1   -0.091  0.8885172
-0.091   -0.1   -0.09  0.8885172
-0.091   -0.1   -0.089  0.8885172
-0.091   -0.1   -0.088  0.8885172
-0.091   -0.1   -0.087  0.8885172
-0.091   -0.1   -0.086  0.8885172
-0.091   -0.1   -0.085  0.8885172
-0.091   -0.1   -0.084  0.8885172
-0.091   -0.1   -0.083  0.8885172
-0.091   -0.1   -0.082  0.8885172
-0.091   -0.1   -0.081  0.8885172
-0.091   -0.1   -0.08  0.8885172
-0.091   -0.1   -0.079  0.8885172
-0.091   -0.1   -0.078  0.8885172
-0.091   -0.1   -0.077  0.8885172
-0.091   -0.1   -0.076  0.8885172
-0.091   -0.1   -0.075  0.8885172
-0.091   -0.1   -0.074  0.8885172
-0.091   -0.1   -0.073  0.8885172
-0.091   -0.1   -0.072  0.8885172
-0.091   -0.1   -0.071  0.8885172
-0.091   -0.1   -0.07  0.8885172
-0.091   -0.1   -0.069  0.8885172
-0.091   -0.1   -0.068  0.8885172
-0.091   -0.1   -0.067  0.8885172
-0.091   -0.1   -0.066  0.8885172
-0.091   -0.1   -0.065  0.8885172
-0.091   -0.1   -0.064  0.8885172
-0.091   -0.1   -0.063  0.8885172
-0.091   -0.1   -0.062  0.8885172
-0.091   -0.1   -0.061  0.8885172
-0.091   -0.1   -0.06  0.8885172
-0.091   -0.1   -0.059  0.8885172
-0.091   -0.1   -0.058  0.8885172
-0.091   -0.1   -0.057  0.8885172
-0.091   -0.1   -0.056  0.8885172
-0.091   -0.1   -0.055  0.8885172
-0.091   -0.1   -0.054  0.8885172
-0.091   -0.1   -0.053  0.8885172
-0.091   -0.1   -0.052  0.8885172
-0.091   -0.1   -0.051  0.8885172
-0.091   -0.1   -0.05  0.8885172
-0.091   -0.1   -0.049  0.8885172
-0.091   -0.1   -0.048  0.8885172
-0.091   -0.1   -0.047  0.8885172
-0.091   -0.1   -0.046  0.8885172
-0.091   -0.1   -0.045  0.8885172
-0.091   -0.1   -0.044  0.8885172
-0.091   -0.1   -0.043  0.8885172
-0.091   -0.1   -0.042  0.8885172
-0.091   -0.1   -0.041  0.8885172
-0.091   -0.1   -0.04  0.8885172
-0.091   -0.1   -0.039  0.8885172
-0.091   -0.1   -0.038  0.8885172
-0.091   -0.1   -0.037  0.8885172
-0.091   -0.1   -0.036  0.8885172
-0.091   -0.1   -0.035  0.8885172
-0.091   -0.1   -0.034  0.8885172
-0.091   -0.1   -0.033  0.8885172
-0.091   -0.1   -0.032  0.8885172
-0.091   -0.1   -0.031  0.8885172
-0.091   -0.1   -0.03  0.8885172
-0.091   -0.1   -0.029  0.8885172
-0.091   -0.1   -0.028  0.8885172
-0.091   -0.1   -0.027  0.8885172
-0.091   -0.1   -0.026  0.8885172
-0.091   -0.1   -0.025  0.8885172
-0.091   -0.1   -0.024  0.8885172
-0.091   -0.1   -0.023  0.8885172
-0.091   -0.1   -0.022  0.8885172
-0.091   -0.1   -0.021  0.8885172
-0.091   -0.1   -0.02  0.8885172
-0.091   -0.1   -0.019  0.8885172
-0.091   -0.1   -0.018  0.8885172
-0.091   -0.1   -0.017  0.8885172
-0.091   -0.1   -0.016  0.8885172
-0.091   -0.1   -0.015  0.8885172
-0.091   -0.1   -0.014  0.8885172
-0.091   -0.1   -0.013  0.8885172
-0.091   -0.1   -0.012  0.8885172
-0.091   -0.1   -0.011  0.8885172
-0.091   -0.1   -0.01  0.8885172
-0.091   -0.1   -0.009  0.8885172
-0.091   -0.1   -0.008  0.8885172
-0.091   -0.1   -0.007  0.8885172
-0.091   -0.1   -0.006  0.8885172
-0.091   -0.1   -0.005  0.8885172
-0.091   -0.1   -0.004  0.8885172
-0.091   -0.1   -0.003  0.8885172
-0.091   -0.1   -0.002  0.8885172
-0.091   -0.1   -0.001  0.8885172
-0.091   -0.1   -0.0  0.8885172
-0.091   -0.1   0.001  0.8885172
-0.091   -0.1   0.002  0.8885172
-0.091   -0.1   0.003  0.8885172
-0.091   -0.1   0.004  0.8885172
-0.091   -0.1   0.005  0.8885172
-0.091   -0.1   0.006  0.8885172
-0.091   -0.1   0.007  0.8885172
-0.091   -0.1   0.008  0.8885172
-0.091   -0.1   0.009  0.8885172
-0.091   -0.1   0.01  0.8885172
-0.091   -0.1   0.011  0.8885172
-0.091   -0.1   0.012  0.8885172
-0.091   -0.1   0.013  0.8885172
-0.091   -0.1   0.014  0.8885172
-0.091   -0.1   0.015  0.8885172
-0.091   -0.1   0.016  0.8885172
-0.091   -0.1   0.017  0.8885172
-0.091   -0.1   0.018  0.8885172
-0.091   -0.1   0.019  0.8885172
-0.091   -0.1   0.02  0.8885172
-0.091   -0.1   0.021  0.8885172
-0.091   -0.1   0.022  0.8885172
-0.091   -0.1   0.023  0.8885172
-0.091   -0.1   0.024  0.8885172
-0.091   -0.1   0.025  0.8885172
-0.091   -0.1   0.026  0.8885172
-0.091   -0.1   0.027  0.8885172
-0.091   -0.1   0.028  0.8885172
-0.091   -0.1   0.029  0.8885172
-0.091   -0.1   0.03  0.8885172
-0.091   -0.1   0.031  0.8885172
-0.091   -0.1   0.032  0.8885172
-0.091   -0.1   0.033  0.8885172
-0.091   -0.1   0.034  0.8885172
-0.091   -0.1   0.035  0.8885172
-0.091   -0.1   0.036  0.8885172
-0.091   -0.1   0.037  0.8885172
-0.091   -0.1   0.038  0.8885172
-0.091   -0.1   0.039  0.8885172
-0.091   -0.1   0.04  0.8885172
-0.091   -0.1   0.041  0.8885172
-0.091   -0.1   0.042  0.8885172
-0.091   -0.1   0.043  0.8885172
-0.091   -0.1   0.044  0.8885172
-0.091   -0.1   0.045  0.8885172
-0.091   -0.1   0.046  0.8885172
-0.091   -0.1   0.047  0.8885172
-0.091   -0.1   0.048  0.8885172
-0.091   -0.1   0.049  0.8885172
-0.091   -0.1   0.05  0.8885172
-0.091   -0.1   0.051  0.8885172
-0.091   -0.1   0.052  0.8885172
-0.091   -0.1   0.053  0.8885172
-0.091   -0.1   0.054  0.8885172
-0.091   -0.1   0.055  0.8885172
-0.091   -0.1   0.056  0.8885172
-0.091   -0.1   0.057  0.8885172
-0.091   -0.1   0.058  0.8885172
-0.091   -0.1   0.059  0.8885172
-0.091   -0.1   0.06  0.8885172
-0.091   -0.1   0.061  0.8885172
-0.091   -0.1   0.062  0.8885172
-0.091   -0.1   0.063  0.8885172
-0.091   -0.1   0.064  0.8885172
-0.091   -0.1   0.065  0.8885172
-0.091   -0.1   0.066  0.8885172
-0.091   -0.1   0.067  0.8885172
-0.091   -0.1   0.068  0.8885172
-0.091   -0.1   0.069  0.8885172
-0.091   -0.1   0.07  0.8885172
-0.091   -0.1   0.071  0.8885172
-0.091   -0.1   0.072  0.8885172
-0.091   -0.1   0.073  0.8885172
-0.091   -0.1   0.074  0.8885172
-0.091   -0.1   0.075  0.8885172
-0.091   -0.1   0.076  0.8885172
-0.091   -0.1   0.077  0.8885172
-0.091   -0.1   0.078  0.8885172
-0.091   -0.1   0.079  0.8885172
-0.091   -0.1   0.08  0.8885172
-0.091   -0.1   0.081  0.8885172
-0.091   -0.1   0.082  0.8885172
-0.091   -0.1   0.083  0.8885172
-0.091   -0.1   0.084  0.8885172
-0.091   -0.1   0.085  0.8885172
-0.091   -0.1   0.086  0.8885172
-0.091   -0.1   0.087  0.8885172
-0.091   -0.1   0.088  0.8885172
-0.091   -0.1   0.089  0.8885172
-0.091   -0.1   0.09  0.8885172
-0.091   -0.1   0.091  0.8885172
-0.091   -0.1   0.092  0.8885172
-0.091   -0.1   0.093  0.8885172
-0.091   -0.1   0.094  0.8885172
-0.091   -0.1   0.095  0.8885172
-0.091   -0.1   0.096  0.8885172
-0.091   -0.1   0.097  0.8885172
-0.091   -0.1   0.098  0.8885172
-0.091   -0.1   0.099  0.8885172
-0.09   -0.1   -0.1  0.8835328
-0.09   -0.1   -0.099  0.8835328
-0.09   -0.1   -0.098  0.8835328
-0.09   -0.1   -0.097  0.8835328
-0.09   -0.1   -0.096  0.8835328
-0.09   -0.1   -0.095  0.8835328
-0.09   -0.1   -0.094  0.8835328
-0.09   -0.1   -0.093  0.8835328
-0.09   -0.1   -0.092  0.8835328
-0.09   -0.1   -0.091  0.8835328
-0.09   -0.1   -0.09  0.8835328
-0.09   -0.1   -0.089  0.8835328
-0.09   -0.1   -0.088  0.8835328
-0.09   -0.1   -0.087  0.8835328
-0.09   -0.1   -0.086  0.8835328
-0.09   -0.1   -0.085  0.8835328
-0.09   -0.1   -0.084  0.8835328
-0.09   -0.1   -0.083  0.8835328
-0.09   -0.1   -0.082  0.8835328
-0.09   -0.1   -0.081  0.8835328
-0.09   -0.1   -0.08  0.8835328
-0.09   -0.1   -0.079  0.8835328
-0.09   -0.1   -0.078  0.8835328
-0.09   -0.1   -0.077  0.8835328
-0.09   -0.1   -0.076  0.8835328
-0.09   -0.1   -0.075  0.8835328
-0.09   -0.1   -0.074  0.8835328
-0.09   -0.1   -0.073  0.8835328
-0.09   -0.1   -0.072  0.8835328
-0.09   -0.1   -0.071  0.8835328
-0.09   -0.1   -0.07  0.8835328
-0.09   -0.1   -0.069  0.8835328
-0.09   -0.1   -0.068  0.8835328
-0.09   -0.1   -0.067  0.8835328
-0.09   -0.1   -0.066  0.8835328
-0.09   -0.1   -0.065  0.8835328
-0.09   -0.1   -0.064  0.8835328
-0.09   -0.1   -0.063  0.8835328
-0.09   -0.1   -0.062  0.8835328
-0.09   -0.1   -0.061  0.8835328
-0.09   -0.1   -0.06  0.8835328
-0.09   -0.1   -0.059  0.8835328
-0.09   -0.1   -0.058  0.8835328
-0.09   -0.1   -0.057  0.8835328
-0.09   -0.1   -0.056  0.8835328
-0.09   -0.1   -0.055  0.8835328
-0.09   -0.1   -0.054  0.8835328
-0.09   -0.1   -0.053  0.8835328
-0.09   -0.1   -0.052  0.8835328
-0.09   -0.1   -0.051  0.8835328
-0.09   -0.1   -0.05  0.8835328
-0.09   -0.1   -0.049  0.8835328
-0.09   -0.1   -0.048  0.8835328
-0.09   -0.1   -0.047  0.8835328
-0.09   -0.1   -0.046  0.8835328
-0.09   -0.1   -0.045  0.8835328
-0.09   -0.1   -0.044  0.8835328
-0.09   -0.1   -0.043  0.8835328
-0.09   -0.1   -0.042  0.8835328
-0.09   -0.1   -0.041  0.8835328
-0.09   -0.1   -0.04  0.8835328
-0.09   -0.1   -0.039  0.8835328
-0.09   -0.1   -0.038  0.8835328
-0.09   -0.1   -0.037  0.8835328
-0.09   -0.1   -0.036  0.8835328
-0.09   -0.1   -0.035  0.8835328
-0.09   -0.1   -0.034  0.8835328
-0.09   -0.1   -0.033  0.8835328
-0.09   -0.1   -0.032  0.8835328
-0.09   -0.1   -0.031  0.8835328
-0.09   -0.1   -0.03  0.8835328
-0.09   -0.1   -0.029  0.8835328
-0.09   -0.1   -0.028  0.8835328
-0.09   -0.1   -0.027  0.8835328
-0.09   -0.1   -0.026  0.8835328
-0.09   -0.1   -0.025  0.8835328
-0.09   -0.1   -0.024  0.8835328
-0.09   -0.1   -0.023  0.8835328
-0.09   -0.1   -0.022  0.8835328
-0.09   -0.1   -0.021  0.8835328
-0.09   -0.1   -0.02  0.8835328
-0.09   -0.1   -0.019  0.8835328
-0.09   -0.1   -0.018  0.8835328
-0.09   -0.1   -0.017  0.8835328
-0.09   -0.1   -0.016  0.8835328
-0.09   -0.1   -0.015  0.8835328
-0.09   -0.1   -0.014  0.8835328
-0.09   -0.1   -0.013  0.8835328
-0.09   -0.1   -0.012  0.8835328
-0.09   -0.1   -0.011  0.8835328
-0.09   -0.1   -0.01  0.8835328
-0.09   -0.1   -0.009  0.8835328
-0.09   -0.1   -0.008  0.8835328
-0.09   -0.1   -0.007  0.8835328
-0.09   -0.1   -0.006  0.8835328
-0.09   -0.1   -0.005  0.8835328
-0.09   -0.1   -0.004  0.8835328
-0.09   -0.1   -0.003  0.8835328
-0.09   -0.1   -0.002  0.8835328
-0.09   -0.1   -0.001  0.8835328
-0.09   -0.1   -0.0  0.8835328
-0.09   -0.1   0.001  0.8835328
-0.09   -0.1   0.002  0.8835328
-0.09   -0.1   0.003  0.8835328
-0.09   -0.1   0.004  0.8835328
-0.09   -0.1   0.005  0.8835328
-0.09   -0.1   0.006  0.8835328
-0.09   -0.1   0.007  0.8835328
-0.09   -0.1   0.008  0.8835328
-0.09   -0.1   0.009  0.8835328
-0.09   -0.1   0.01  0.8835328
-0.09   -0.1   0.011  0.8835328
-0.09   -0.1   0.012  0.8835328
-0.09   -0.1   0.013  0.8835328
-0.09   -0.1   0.014  0.8835328
-0.09   -0.1   0.015  0.8835328
-0.09   -0.1   0.016  0.8835328
-0.09   -0.1   0.017  0.8835328
-0.09   -0.1   0.018  0.8835328
-0.09   -0.1   0.019  0.8835328
-0.09   -0.1   0.02  0.8835328
-0.09   -0.1   0.021  0.8835328
-0.09   -0.1   0.022  0.8835328
-0.09   -0.1   0.023  0.8835328
-0.09   -0.1   0.024  0.8835328
-0.09   -0.1   0.025  0.8835328
-0.09   -0.1   0.026  0.8835328
-0.09   -0.1   0.027  0.8835328
-0.09   -0.1   0.028  0.8835328
-0.09   -0.1   0.029  0.8835328
-0.09   -0.1   0.03  0.8835328
-0.09   -0.1   0.031  0.8835328
-0.09   -0.1   0.032  0.8835328
-0.09   -0.1   0.033  0.8835328
-0.09   -0.1   0.034  0.8835328
-0.09   -0.1   0.035  0.8835328
-0.09   -0.1   0.036  0.8835328
-0.09   -0.1   0.037  0.8835328
-0.09   -0.1   0.038  0.8835328
-0.09   -0.1   0.039  0.8835328
-0.09   -0.1   0.04  0.8835328
-0.09   -0.1   0.041  0.8835328
-0.09   -0.1   0.042  0.8835328
-0.09   -0.1   0.043  0.8835328
-0.09   -0.1   0.044  0.8835328
-0.09   -0.1   0.045  0.8835328
-0.09   -0.1   0.046  0.8835328
-0.09   -0.1   0.047  0.8835328
-0.09   -0.1   0.048  0.8835328
-0.09   -0.1   0.049  0.8835328
-0.09   -0.1   0.05  0.8835328
-0.09   -0.1   0.051  0.8835328
-0.09   -0.1   0.052  0.8835328
-0.09   -0.1   0.053  0.8835328
-0.09   -0.1   0.054  0.8835328
-0.09   -0.1   0.055  0.8835328
-0.09   -0.1   0.056  0.8835328
-0.09   -0.1   0.057  0.8835328
-0.09   -0.1   0.058  0.8835328
-0.09   -0.1   0.059  0.8835328
-0.09   -0.1   0.06  0.8835328
-0.09   -0.1   0.061  0.8835328
-0.09   -0.1   0.062  0.8835328
-0.09   -0.1   0.063  0.8835328
-0.09   -0.1   0.064  0.8835328
-0.09   -0.1   0.065  0.8835328
-0.09   -0.1   0.066  0.8835328
-0.09   -0.1   0.067  0.8835328
